11.188 21.512 0.000
11.185 21.512 0.000
11.182 21.512 0.000
11.179 21.512 0.000
11.176 21.512 0.000
11.174 21.512 0.000
11.171 21.512 0.000
11.168 21.512 0.000
11.165 21.512 0.000
11.162 21.512 0.000
11.160 21.512 0.000
11.157 21.512 0.000
11.154 21.512 0.000
11.151 21.512 0.000
11.149 21.512 0.000
11.146 21.512 0.000
11.143 21.512 0.000
11.140 21.512 0.000
11.137 21.512 0.000
11.135 21.512 0.000
11.132 21.512 0.000
11.129 21.512 0.000
11.126 21.512 0.000
11.124 21.512 0.000
11.121 21.512 0.000
11.118 21.512 0.000
11.115 21.512 0.000
11.113 21.512 0.000
11.135 21.512 0.000
11.158 21.512 0.000
11.180 21.512 0.000
11.203 21.513 0.049
11.225 21.515 0.118
11.248 21.518 0.186
11.270 21.523 0.255
11.291 21.530 0.324
11.312 21.538 0.393
11.327 21.547 0.423
11.342 21.556 0.453
11.357 21.567 0.484
11.371 21.577 0.514
11.385 21.588 0.544
11.398 21.600 0.575
11.412 21.612 0.605
11.425 21.625 0.635
11.438 21.637 0.785
11.440 21.640 0.785
11.443 21.643 0.785
11.446 21.646 0.785
11.449 21.649 0.785
11.451 21.651 0.785
11.454 21.654 0.785
11.457 21.657 0.785
11.460 21.660 0.785
11.463 21.663 0.785
11.465 21.665 0.785
11.468 21.668 0.785
11.471 21.671 0.785
11.474 21.674 0.785
11.476 21.676 0.785
11.479 21.679 0.785
11.482 21.682 0.785
11.485 21.685 0.785
11.488 21.688 0.785
11.490 21.690 0.785
11.493 21.693 0.785
11.496 21.696 0.785
11.499 21.699 0.785
11.501 21.701 0.785
11.504 21.704 0.785
11.507 21.707 0.785
11.510 21.710 0.785
11.512 21.713 0.785
11.529 21.729 0.785
11.546 21.746 0.785
11.562 21.763 0.785
11.579 21.779 0.785
11.596 21.796 0.785
11.612 21.813 0.785
11.629 21.829 0.785
11.646 21.846 0.785
11.662 21.863 0.785
11.679 21.879 0.785
11.696 21.896 0.785
11.713 21.913 0.785
11.729 21.929 0.785
11.746 21.946 0.785
11.762 21.963 0.785
11.779 21.979 0.785
11.796 21.996 0.785
11.812 22.012 0.785
11.829 22.029 0.785
11.846 22.046 0.785
11.863 22.062 0.785
11.879 22.079 0.785
11.896 22.096 0.785
11.912 22.113 0.785
11.929 22.129 0.785
11.946 22.146 0.785
11.963 22.163 0.785
11.979 22.180 0.785
11.997 22.196 0.756
12.015 22.213 0.704
12.033 22.228 0.652
12.053 22.242 0.600
12.073 22.255 0.548
12.094 22.267 0.496
12.116 22.278 0.445
12.137 22.288 0.393
12.156 22.295 0.393
12.175 22.303 0.393
12.194 22.311 0.393
12.213 22.319 0.374
12.232 22.325 0.299
12.252 22.331 0.224
12.272 22.335 0.149
12.292 22.337 0.075
12.312 22.338 0.000
12.335 22.338 0.000
12.358 22.338 0.000
12.380 22.338 0.000
12.403 22.338 0.049
12.425 22.340 0.118
12.448 22.343 0.186
12.470 22.348 0.255
12.491 22.355 0.324
12.512 22.363 0.393
12.531 22.370 0.393
12.550 22.378 0.393
12.569 22.386 0.393
12.588 22.394 0.374
12.607 22.400 0.299
12.627 22.406 0.224
12.647 22.410 0.149
12.667 22.412 0.075
12.688 22.413 0.000
12.690 22.413 0.000
12.693 22.413 0.000
12.696 22.413 0.000
12.699 22.413 0.000
12.701 22.413 0.000
12.704 22.413 0.000
12.707 22.413 0.000
12.710 22.413 0.000
12.713 22.413 0.000
12.715 22.413 0.000
12.718 22.413 0.000
12.721 22.413 0.000
12.724 22.413 0.000
12.726 22.413 0.000
12.729 22.413 0.000
12.732 22.413 0.000
12.735 22.413 0.000
12.738 22.413 0.000
12.740 22.413 0.000
12.743 22.413 0.000
12.746 22.413 0.000
12.749 22.413 0.000
12.751 22.413 0.000
12.754 22.413 0.000
12.757 22.413 0.000
12.760 22.413 0.000
12.762 22.413 0.000
12.765 22.413 0.000
12.768 22.413 0.000
12.771 22.413 0.000
12.774 22.413 0.000
12.776 22.413 0.000
12.779 22.413 0.000
12.782 22.413 0.000
12.785 22.413 0.000
12.787 22.413 0.000
12.790 22.413 0.000
12.793 22.413 0.000
12.796 22.413 0.000
12.799 22.413 0.000
12.801 22.413 0.000
12.804 22.413 0.000
12.807 22.413 0.000
12.810 22.413 0.000
12.812 22.413 0.000
12.815 22.413 0.000
12.818 22.413 0.000
12.821 22.413 0.000
12.824 22.413 0.000
12.826 22.413 0.000
12.829 22.413 0.000
12.832 22.413 0.000
12.835 22.413 0.000
12.838 22.413 0.000
12.860 22.413 0.000
12.882 22.413 0.000
12.904 22.413 0.000
12.926 22.413 0.000
12.949 22.413 0.000
12.971 22.413 0.000
12.993 22.413 0.000
13.015 22.413 0.000
13.037 22.413 0.000
13.040 22.413 0.000
13.043 22.413 0.000
13.046 22.413 0.000
13.049 22.413 0.000
13.051 22.413 0.000
13.054 22.413 0.000
13.057 22.413 0.000
13.060 22.413 0.000
13.062 22.413 0.000
13.065 22.413 0.000
13.068 22.413 0.000
13.071 22.413 0.000
13.074 22.413 0.000
13.076 22.413 0.000
13.079 22.413 0.000
13.082 22.413 0.000
13.085 22.413 0.000
13.088 22.413 0.000
13.090 22.413 0.000
13.093 22.413 0.000
13.096 22.413 0.000
13.099 22.413 0.000
13.101 22.413 0.000
13.104 22.413 0.000
13.107 22.413 0.000
13.110 22.413 0.000
13.113 22.413 0.000
13.115 22.413 0.000
13.118 22.413 0.000
13.121 22.413 0.000
13.124 22.413 0.000
13.126 22.413 0.000
13.129 22.413 0.000
13.132 22.413 0.000
13.135 22.413 0.000
13.137 22.413 0.000
13.140 22.413 0.000
13.143 22.413 0.000
13.146 22.413 0.000
13.149 22.413 0.000
13.151 22.413 0.000
13.154 22.413 0.000
13.157 22.413 0.000
13.160 22.413 0.000
13.162 22.413 0.000
13.165 22.413 0.000
13.168 22.413 0.000
13.171 22.413 0.000
13.174 22.413 0.000
13.176 22.413 0.000
13.179 22.413 0.000
13.182 22.413 0.000
13.185 22.413 0.000
13.188 22.413 0.000
13.190 22.413 0.000
13.193 22.413 0.000
13.196 22.413 0.000
13.199 22.413 0.000
13.201 22.413 0.000
13.204 22.413 0.000
13.207 22.413 0.000
13.210 22.413 0.000
13.213 22.413 0.000
13.215 22.413 0.000
13.218 22.413 0.000
13.221 22.413 0.000
13.224 22.413 0.000
13.226 22.413 0.000
13.229 22.413 0.000
13.232 22.413 0.000
13.235 22.413 0.000
13.238 22.413 0.000
13.240 22.413 0.000
13.243 22.413 0.000
13.246 22.413 0.000
13.249 22.413 0.000
13.251 22.413 0.000
13.254 22.413 0.000
13.257 22.413 0.000
13.260 22.413 0.000
13.262 22.413 0.000
13.265 22.413 0.000
13.268 22.413 0.000
13.271 22.413 0.000
13.274 22.413 0.000
13.276 22.413 0.000
13.279 22.413 0.000
13.282 22.413 0.000
13.285 22.413 0.000
13.287 22.413 0.000
13.290 22.413 0.000
13.293 22.413 0.000
13.296 22.413 0.000
13.299 22.413 0.000
13.301 22.413 0.000
13.304 22.413 0.000
13.307 22.413 0.000
13.310 22.413 0.000
13.312 22.413 0.000
13.315 22.413 0.000
13.318 22.413 0.000
13.321 22.413 0.000
13.324 22.413 0.000
13.326 22.413 0.000
13.329 22.413 0.000
13.332 22.413 0.000
13.335 22.413 0.000
13.338 22.413 0.000
13.360 22.413 0.000
13.382 22.413 0.000
13.404 22.413 0.000
13.426 22.413 0.000
13.449 22.413 0.000
13.471 22.413 0.000
13.493 22.413 0.000
13.515 22.413 0.000
13.537 22.413 0.000
13.540 22.413 0.000
13.543 22.413 0.000
13.546 22.413 0.000
13.549 22.413 0.000
13.551 22.413 0.000
13.554 22.413 0.000
13.557 22.413 0.000
13.560 22.413 0.000
13.562 22.413 0.000
13.565 22.413 0.000
13.568 22.413 0.000
13.571 22.413 0.000
13.574 22.413 0.000
13.576 22.413 0.000
13.579 22.413 0.000
13.582 22.413 0.000
13.585 22.413 0.000
13.588 22.413 0.000
13.610 22.413 0.000
13.632 22.413 0.000
13.654 22.413 0.000
13.676 22.413 0.000
13.699 22.413 0.000
13.721 22.413 0.000
13.743 22.413 0.000
13.765 22.413 0.000
13.787 22.413 0.000
13.810 22.413 0.000
13.833 22.413 0.000
13.855 22.413 0.000
13.878 22.413 0.049
13.900 22.415 0.118
13.923 22.418 0.186
13.945 22.423 0.255
13.966 22.430 0.324
13.988 22.438 0.393
14.004 22.446 0.393
14.021 22.454 0.393
14.038 22.462 0.393
14.054 22.471 0.393
14.071 22.479 0.393
14.088 22.488 0.393
14.104 22.496 0.393
14.121 22.504 0.393
14.137 22.512 0.393
14.154 22.521 0.393
14.171 22.529 0.393
14.188 22.537 0.393
14.204 22.546 0.393
14.221 22.554 0.393
14.237 22.562 0.393
14.254 22.571 0.393
14.271 22.579 0.393
14.287 22.588 0.393
14.302 22.597 0.423
14.317 22.606 0.453
14.332 22.617 0.484
14.346 22.627 0.514
14.360 22.638 0.544
14.373 22.650 0.575
14.387 22.662 0.605
14.400 22.675 0.635
14.412 22.688 0.785
14.429 22.704 0.785
14.446 22.722 0.815
14.463 22.740 0.867
14.478 22.758 0.919
14.492 22.778 0.971
14.505 22.798 1.022
14.517 22.819 1.074
14.528 22.840 1.126
14.537 22.863 1.178
14.540 22.868 1.178
14.543 22.874 1.178
14.546 22.879 1.178
14.549 22.885 1.178
14.551 22.890 1.178
14.554 22.896 1.178
14.557 22.901 1.178
14.560 22.907 1.178
14.562 22.913 1.178
14.571 22.929 1.178
14.579 22.946 1.178
14.588 22.963 1.178
14.596 22.979 1.178
14.604 22.996 1.178
14.613 23.013 1.178
14.621 23.029 1.178
14.629 23.046 1.178
14.637 23.062 1.178
14.646 23.079 1.178
14.654 23.096 1.178
14.662 23.113 1.178
14.671 23.129 1.178
14.679 23.146 1.178
14.688 23.163 1.178
14.696 23.179 1.178
14.704 23.196 1.178
14.713 23.213 1.178
14.721 23.229 1.178
14.729 23.246 1.178
14.738 23.263 1.178
14.746 23.279 1.178
14.754 23.296 1.178
14.763 23.313 1.178
14.771 23.329 1.178
14.779 23.346 1.178
14.787 23.363 1.178
14.796 23.379 1.178
14.804 23.396 1.178
14.812 23.413 1.178
14.821 23.429 1.178
14.829 23.446 1.178
14.838 23.463 1.178
14.846 23.479 1.178
14.854 23.496 1.178
14.863 23.512 1.178
14.871 23.529 1.178
14.879 23.546 1.178
14.888 23.562 1.178
14.896 23.579 1.178
14.904 23.596 1.178
14.913 23.613 1.178
14.921 23.629 1.178
14.929 23.646 1.178
14.938 23.663 1.178
14.946 23.679 1.178
14.954 23.696 1.178
14.963 23.713 1.178
14.971 23.729 1.178
14.979 23.746 1.178
14.988 23.763 1.178
14.996 23.779 1.178
15.004 23.796 1.178
15.012 23.812 1.178
15.021 23.829 1.178
15.029 23.846 1.178
15.037 23.863 1.178
15.046 23.879 1.178
15.054 23.896 1.178
15.062 23.913 1.178
15.071 23.929 1.178
15.079 23.946 1.178
15.088 23.963 1.178
15.096 23.979 1.178
15.104 23.996 1.178
15.113 24.013 1.178
15.121 24.029 1.178
15.129 24.046 1.178
15.138 24.063 1.178
15.146 24.079 1.178
15.154 24.096 1.178
15.162 24.113 1.178
15.171 24.129 1.178
15.179 24.146 1.178
15.188 24.163 1.178
15.196 24.179 1.178
15.204 24.196 1.178
15.213 24.213 1.178
15.221 24.229 1.178
15.229 24.246 1.178
15.238 24.262 1.178
15.246 24.279 1.178
15.254 24.296 1.178
15.263 24.312 1.178
15.271 24.329 1.178
15.279 24.346 1.178
15.288 24.363 1.178
15.296 24.379 1.178
15.304 24.396 1.178
15.312 24.413 1.178
15.321 24.429 1.178
15.329 24.446 1.178
15.338 24.463 1.178
15.346 24.479 1.178
15.354 24.496 1.178
15.363 24.513 1.178
15.371 24.529 1.178
15.379 24.546 1.178
15.387 24.562 1.178
15.390 24.568 1.178
15.393 24.574 1.178
15.396 24.579 1.178
15.399 24.585 1.178
15.401 24.590 1.178
15.404 24.596 1.178
15.407 24.601 1.178
15.410 24.607 1.178
15.412 24.613 1.178
15.421 24.629 1.178
15.429 24.646 1.178
15.438 24.663 1.178
15.446 24.679 1.178
15.454 24.696 1.178
15.463 24.713 1.178
15.471 24.729 1.178
15.479 24.746 1.178
15.488 24.762 1.178
15.496 24.779 1.178
15.504 24.796 1.178
15.513 24.812 1.178
15.521 24.829 1.178
15.529 24.846 1.178
15.538 24.863 1.178
15.546 24.879 1.178
15.554 24.896 1.178
15.562 24.913 1.178
15.571 24.929 1.178
15.579 24.946 1.178
15.588 24.963 1.178
15.596 24.979 1.178
15.604 24.996 1.178
15.613 25.013 1.178
15.621 25.029 1.178
15.629 25.046 1.178
15.637 25.062 1.178
15.646 25.079 1.178
15.654 25.096 1.178
15.662 25.113 1.178
15.671 25.129 1.178
15.679 25.146 1.178
15.688 25.163 1.178
15.696 25.179 1.178
15.704 25.196 1.178
15.713 25.213 1.178
15.721 25.229 1.178
15.729 25.246 1.178
15.738 25.263 1.178
15.746 25.279 1.178
15.754 25.296 1.178
15.763 25.313 1.178
15.771 25.329 1.178
15.779 25.346 1.178
15.787 25.363 1.178
15.796 25.379 1.178
15.804 25.396 1.178
15.812 25.413 1.178
15.821 25.429 1.178
15.829 25.446 1.178
15.838 25.463 1.178
15.846 25.479 1.178
15.854 25.496 1.178
15.863 25.512 1.178
15.871 25.529 1.178
15.879 25.546 1.178
15.888 25.562 1.178
15.896 25.579 1.178
15.904 25.596 1.178
15.913 25.613 1.178
15.921 25.629 1.178
15.929 25.646 1.178
15.938 25.663 1.178
15.946 25.679 1.178
15.954 25.696 1.178
15.963 25.713 1.178
15.971 25.729 1.178
15.979 25.746 1.178
15.988 25.763 1.178
15.996 25.779 1.178
16.004 25.796 1.178
16.012 25.812 1.178
16.021 25.829 1.178
16.029 25.846 1.178
16.037 25.863 1.178
16.046 25.879 1.178
16.054 25.896 1.178
16.062 25.913 1.178
16.071 25.929 1.178
16.079 25.946 1.178
16.087 25.963 1.178
16.096 25.979 1.178
16.104 25.996 1.178
16.112 26.013 1.178
16.121 26.029 1.178
16.129 26.046 1.178
16.137 26.063 1.178
16.146 26.079 1.178
16.154 26.096 1.178
16.163 26.113 1.178
16.170 26.131 1.178
16.178 26.150 1.178
16.186 26.169 1.178
16.194 26.188 1.197
16.200 26.207 1.272
16.206 26.227 1.347
16.210 26.247 1.421
16.212 26.267 1.496
16.212 26.288 1.571
16.212 26.290 1.571
16.212 26.293 1.571
16.212 26.296 1.571
16.212 26.299 1.571
16.212 26.301 1.571
16.212 26.304 1.571
16.212 26.307 1.571
16.212 26.310 1.571
16.212 26.312 1.571
16.212 26.315 1.571
16.212 26.318 1.571
16.212 26.321 1.571
16.212 26.324 1.571
16.212 26.326 1.571
16.212 26.329 1.571
16.212 26.332 1.571
16.212 26.335 1.571
16.212 26.338 1.571
16.212 26.340 1.571
16.212 26.343 1.571
16.212 26.346 1.571
16.212 26.349 1.571
16.212 26.351 1.571
16.212 26.354 1.571
16.212 26.357 1.571
16.212 26.360 1.571
16.212 26.363 1.571
16.212 26.365 1.571
16.212 26.368 1.571
16.212 26.371 1.571
16.212 26.374 1.571
16.212 26.376 1.571
16.212 26.379 1.571
16.212 26.382 1.571
16.212 26.385 1.571
16.212 26.387 1.571
16.212 26.390 1.571
16.212 26.393 1.571
16.212 26.396 1.571
16.212 26.399 1.571
16.212 26.401 1.571
16.212 26.404 1.571
16.212 26.407 1.571
16.212 26.410 1.571
16.212 26.413 1.571
16.212 26.435 1.571
16.212 26.457 1.571
16.212 26.479 1.571
16.212 26.501 1.571
16.212 26.524 1.571
16.212 26.546 1.571
16.212 26.568 1.571
16.212 26.590 1.571
16.212 26.613 1.571
16.212 26.635 1.571
16.212 26.657 1.571
16.212 26.679 1.571
16.212 26.701 1.571
16.212 26.724 1.571
16.212 26.746 1.571
16.212 26.768 1.571
16.212 26.790 1.571
16.212 26.812 1.571
16.212 26.835 1.571
16.212 26.857 1.571
16.212 26.879 1.571
16.212 26.901 1.571
16.212 26.924 1.571
16.212 26.946 1.571
16.212 26.968 1.571
16.212 26.990 1.571
16.212 27.012 1.571
16.212 27.035 1.571
16.212 27.057 1.571
16.212 27.079 1.571
16.212 27.101 1.571
16.212 27.124 1.571
16.212 27.146 1.571
16.212 27.168 1.571
16.212 27.190 1.571
16.212 27.213 1.571
16.212 27.235 1.571
16.212 27.257 1.571
16.212 27.279 1.571
16.212 27.301 1.571
16.212 27.324 1.571
16.212 27.346 1.571
16.212 27.368 1.571
16.212 27.390 1.571
16.212 27.413 1.571
16.212 27.435 1.571
16.212 27.457 1.571
16.212 27.479 1.571
16.212 27.501 1.571
16.212 27.524 1.571
16.212 27.546 1.571
16.212 27.568 1.571
16.212 27.590 1.571
16.212 27.613 1.571
16.212 27.635 1.571
16.212 27.657 1.571
16.212 27.679 1.571
16.212 27.701 1.571
16.212 27.724 1.571
16.212 27.746 1.571
16.212 27.768 1.571
16.212 27.790 1.571
16.212 27.812 1.571
16.212 27.815 1.571
16.212 27.818 1.571
16.212 27.821 1.571
16.212 27.824 1.571
16.212 27.826 1.571
16.212 27.829 1.571
16.212 27.832 1.571
16.212 27.835 1.571
16.212 27.838 1.571
16.212 27.840 1.571
16.212 27.843 1.571
16.212 27.846 1.571
16.212 27.849 1.571
16.212 27.851 1.571
16.212 27.854 1.571
16.212 27.857 1.571
16.212 27.860 1.571
16.212 27.863 1.571
16.212 27.865 1.571
16.212 27.868 1.571
16.212 27.871 1.571
16.212 27.874 1.571
16.212 27.876 1.571
16.212 27.879 1.571
16.212 27.882 1.571
16.212 27.885 1.571
16.212 27.887 1.571
16.212 27.890 1.571
16.212 27.893 1.571
16.212 27.896 1.571
16.212 27.899 1.571
16.212 27.901 1.571
16.212 27.904 1.571
16.212 27.907 1.571
16.212 27.910 1.571
16.212 27.913 1.571
16.212 27.915 1.571
16.212 27.918 1.571
16.212 27.921 1.571
16.212 27.924 1.571
16.212 27.926 1.571
16.212 27.929 1.571
16.212 27.932 1.571
16.212 27.935 1.571
16.212 27.938 1.571
16.212 27.940 1.571
16.212 27.943 1.571
16.212 27.946 1.571
16.212 27.949 1.571
16.212 27.951 1.571
16.212 27.954 1.571
16.212 27.957 1.571
16.212 27.960 1.571
16.212 27.963 1.571
16.212 27.965 1.571
16.212 27.968 1.571
16.212 27.971 1.571
16.212 27.974 1.571
16.212 27.976 1.571
16.212 27.979 1.571
16.212 27.982 1.571
16.212 27.985 1.571
16.212 27.988 1.571
16.212 27.990 1.571
16.212 27.993 1.571
16.212 27.996 1.571
16.212 27.999 1.571
16.212 28.001 1.571
16.212 28.004 1.571
16.212 28.007 1.571
16.212 28.010 1.571
16.212 28.012 1.571
16.212 28.035 1.571
16.212 28.057 1.571
16.212 28.079 1.571
16.212 28.101 1.571
16.212 28.124 1.571
16.212 28.146 1.571
16.212 28.168 1.571
16.212 28.190 1.571
16.212 28.213 1.571
16.212 28.215 1.571
16.212 28.218 1.571
16.212 28.221 1.571
16.212 28.224 1.571
16.212 28.226 1.571
16.212 28.229 1.571
16.212 28.232 1.571
16.212 28.235 1.571
16.212 28.238 1.571
16.212 28.240 1.571
16.212 28.243 1.571
16.212 28.246 1.571
16.212 28.249 1.571
16.212 28.251 1.571
16.212 28.254 1.571
16.212 28.257 1.571
16.212 28.260 1.571
16.212 28.262 1.571
16.212 28.265 1.571
16.212 28.268 1.571
16.212 28.271 1.571
16.212 28.274 1.571
16.212 28.276 1.571
16.212 28.279 1.571
16.212 28.282 1.571
16.212 28.285 1.571
16.212 28.288 1.571
16.212 28.290 1.571
16.212 28.293 1.571
16.212 28.296 1.571
16.212 28.299 1.571
16.212 28.301 1.571
16.212 28.304 1.571
16.212 28.307 1.571
16.212 28.310 1.571
16.212 28.312 1.571
16.212 28.315 1.571
16.212 28.318 1.571
16.212 28.321 1.571
16.212 28.324 1.571
16.212 28.326 1.571
16.212 28.329 1.571
16.212 28.332 1.571
16.212 28.335 1.571
16.212 28.338 1.571
16.212 28.340 1.571
16.212 28.343 1.571
16.212 28.346 1.571
16.212 28.349 1.571
16.212 28.351 1.571
16.212 28.354 1.571
16.212 28.357 1.571
16.212 28.360 1.571
16.212 28.363 1.571
16.212 28.365 1.571
16.212 28.368 1.571
16.212 28.371 1.571
16.212 28.374 1.571
16.212 28.376 1.571
16.212 28.379 1.571
16.212 28.382 1.571
16.212 28.385 1.571
16.212 28.387 1.571
16.212 28.410 1.571
16.212 28.433 1.571
16.212 28.455 1.571
16.213 28.478 1.522
16.215 28.500 1.453
16.218 28.523 1.384
16.223 28.545 1.316
16.230 28.566 1.247
16.238 28.588 1.178
16.246 28.604 1.178
16.254 28.621 1.178
16.262 28.638 1.178
16.271 28.654 1.178
16.279 28.671 1.178
16.288 28.688 1.178
16.296 28.704 1.178
16.304 28.721 1.178
16.312 28.738 1.178
16.321 28.754 1.178
16.329 28.771 1.178
16.337 28.788 1.178
16.346 28.804 1.178
16.354 28.821 1.178
16.363 28.838 1.178
16.371 28.854 1.178
16.379 28.871 1.178
16.387 28.887 1.178
16.396 28.904 1.178
16.404 28.921 1.178
16.412 28.938 1.178
16.421 28.954 1.178
16.429 28.971 1.178
16.438 28.988 1.178
16.446 29.004 1.178
16.454 29.021 1.178
16.462 29.038 1.178
16.471 29.054 1.178
16.479 29.071 1.178
16.487 29.088 1.178
16.496 29.104 1.178
16.504 29.121 1.178
16.512 29.138 1.178
16.521 29.154 1.178
16.529 29.171 1.178
16.538 29.188 1.178
16.546 29.204 1.178
16.554 29.221 1.178
16.562 29.238 1.178
16.571 29.254 1.178
16.579 29.271 1.178
16.588 29.288 1.178
16.596 29.304 1.178
16.604 29.321 1.178
16.613 29.338 1.178
16.615 29.343 1.178
16.618 29.349 1.178
16.621 29.354 1.178
16.624 29.360 1.178
16.626 29.365 1.178
16.629 29.371 1.178
16.632 29.376 1.178
16.635 29.382 1.178
16.637 29.387 1.178
16.640 29.393 1.178
16.643 29.399 1.178
16.646 29.404 1.178
16.649 29.410 1.178
16.651 29.415 1.178
16.654 29.421 1.178
16.657 29.426 1.178
16.660 29.432 1.178
16.663 29.438 1.178
16.671 29.454 1.178
16.679 29.471 1.178
16.688 29.488 1.178
16.696 29.504 1.178
16.704 29.521 1.178
16.713 29.538 1.178
16.721 29.554 1.178
16.729 29.571 1.178
16.738 29.588 1.178
16.746 29.604 1.178
16.754 29.621 1.178
16.762 29.638 1.178
16.771 29.654 1.178
16.779 29.671 1.178
16.788 29.688 1.178
16.796 29.704 1.178
16.804 29.721 1.178
16.812 29.738 1.178
16.821 29.754 1.178
16.829 29.771 1.178
16.837 29.788 1.178
16.846 29.804 1.178
16.854 29.821 1.178
16.863 29.838 1.178
16.871 29.854 1.178
16.879 29.871 1.178
16.887 29.887 1.178
16.896 29.904 1.178
16.904 29.921 1.178
16.912 29.938 1.178
16.921 29.954 1.178
16.929 29.971 1.178
16.938 29.988 1.178
16.946 30.004 1.178
16.954 30.021 1.178
16.962 30.038 1.178
16.971 30.054 1.178
16.979 30.071 1.178
16.987 30.088 1.178
16.996 30.104 1.178
17.004 30.121 1.178
17.012 30.138 1.178
17.021 30.154 1.178
17.029 30.171 1.178
17.038 30.188 1.178
17.046 30.204 1.178
17.054 30.221 1.178
17.062 30.238 1.178
17.071 30.254 1.178
17.079 30.271 1.178
17.088 30.288 1.178
17.096 30.304 1.178
17.104 30.321 1.178
17.113 30.338 1.178
17.121 30.354 1.178
17.129 30.371 1.178
17.137 30.388 1.178
17.146 30.404 1.178
17.154 30.421 1.178
17.163 30.438 1.178
17.171 30.454 1.178
17.179 30.471 1.178
17.188 30.488 1.178
17.196 30.504 1.178
17.204 30.521 1.178
17.212 30.538 1.178
17.221 30.554 1.178
17.229 30.571 1.178
17.238 30.588 1.178
17.246 30.604 1.178
17.254 30.621 1.178
17.262 30.637 1.178
17.271 30.654 1.178
17.279 30.671 1.178
17.287 30.688 1.178
17.296 30.704 1.178
17.304 30.721 1.178
17.312 30.738 1.178
17.321 30.754 1.178
17.329 30.771 1.178
17.337 30.788 1.178
17.346 30.804 1.178
17.354 30.821 1.178
17.362 30.838 1.178
17.371 30.854 1.178
17.379 30.871 1.178
17.387 30.888 1.178
17.396 30.904 1.178
17.404 30.921 1.178
17.413 30.938 1.178
17.420 30.956 1.178
17.428 30.975 1.178
17.436 30.994 1.178
17.444 31.013 1.197
17.450 31.032 1.272
17.456 31.052 1.347
17.460 31.072 1.421
17.462 31.092 1.496
17.462 31.113 1.571
17.462 31.115 1.571
17.462 31.118 1.571
17.462 31.121 1.571
17.462 31.124 1.571
17.462 31.126 1.571
17.462 31.129 1.571
17.462 31.132 1.571
17.462 31.135 1.571
17.462 31.137 1.571
17.462 31.140 1.571
17.462 31.143 1.571
17.462 31.146 1.571
17.462 31.149 1.571
17.462 31.151 1.571
17.462 31.154 1.571
17.462 31.157 1.571
17.462 31.160 1.571
17.462 31.163 1.571
17.462 31.165 1.571
17.462 31.168 1.571
17.462 31.171 1.571
17.462 31.174 1.571
17.462 31.176 1.571
17.462 31.179 1.571
17.462 31.182 1.571
17.462 31.185 1.571
17.462 31.188 1.571
17.462 31.190 1.571
17.462 31.193 1.571
17.462 31.196 1.571
17.462 31.199 1.571
17.462 31.201 1.571
17.462 31.204 1.571
17.462 31.207 1.571
17.462 31.210 1.571
17.462 31.213 1.571
17.462 31.235 1.571
17.462 31.257 1.571
17.462 31.279 1.571
17.462 31.301 1.571
17.462 31.324 1.571
17.462 31.346 1.571
17.462 31.368 1.571
17.462 31.390 1.571
17.462 31.413 1.571
17.462 31.435 1.571
17.462 31.457 1.571
17.462 31.479 1.571
17.462 31.501 1.571
17.462 31.524 1.571
17.462 31.546 1.571
17.462 31.568 1.571
17.462 31.590 1.571
17.462 31.613 1.571
17.462 31.635 1.571
17.462 31.657 1.571
17.462 31.679 1.571
17.462 31.701 1.571
17.462 31.724 1.571
17.462 31.746 1.571
17.462 31.768 1.571
17.462 31.790 1.571
17.462 31.812 1.571
17.462 31.815 1.571
17.462 31.818 1.571
17.462 31.821 1.571
17.462 31.824 1.571
17.462 31.826 1.571
17.462 31.829 1.571
17.462 31.832 1.571
17.462 31.835 1.571
17.462 31.838 1.571
17.462 31.840 1.571
17.462 31.843 1.571
17.462 31.846 1.571
17.462 31.849 1.571
17.462 31.851 1.571
17.462 31.854 1.571
17.462 31.857 1.571
17.462 31.860 1.571
17.462 31.863 1.571
17.462 31.865 1.571
17.462 31.868 1.571
17.462 31.871 1.571
17.462 31.874 1.571
17.462 31.876 1.571
17.462 31.879 1.571
17.462 31.882 1.571
17.462 31.885 1.571
17.462 31.887 1.571
17.462 31.890 1.571
17.462 31.893 1.571
17.462 31.896 1.571
17.462 31.899 1.571
17.462 31.901 1.571
17.462 31.904 1.571
17.462 31.907 1.571
17.462 31.910 1.571
17.462 31.913 1.571
17.462 31.915 1.571
17.462 31.918 1.571
17.462 31.921 1.571
17.462 31.924 1.571
17.462 31.926 1.571
17.462 31.929 1.571
17.462 31.932 1.571
17.462 31.935 1.571
17.462 31.938 1.571
17.462 31.940 1.571
17.462 31.943 1.571
17.462 31.946 1.571
17.462 31.949 1.571
17.462 31.951 1.571
17.462 31.954 1.571
17.462 31.957 1.571
17.462 31.960 1.571
17.462 31.963 1.571
17.462 31.965 1.571
17.462 31.968 1.571
17.462 31.971 1.571
17.462 31.974 1.571
17.462 31.976 1.571
17.462 31.979 1.571
17.462 31.982 1.571
17.462 31.985 1.571
17.462 31.988 1.571
17.462 31.990 1.571
17.462 31.993 1.571
17.462 31.996 1.571
17.462 31.999 1.571
17.462 32.001 1.571
17.462 32.004 1.571
17.462 32.007 1.571
17.462 32.010 1.571
17.462 32.013 1.571
17.462 32.015 1.571
17.462 32.018 1.571
17.462 32.021 1.571
17.462 32.024 1.571
17.462 32.026 1.571
17.462 32.029 1.571
17.462 32.032 1.571
17.462 32.035 1.571
17.462 32.038 1.571
17.462 32.060 1.571
17.462 32.082 1.571
17.462 32.104 1.571
17.462 32.126 1.571
17.462 32.149 1.571
17.462 32.171 1.571
17.462 32.193 1.571
17.462 32.215 1.571
17.462 32.238 1.571
17.462 32.260 1.571
17.462 32.283 1.571
17.462 32.305 1.571
17.463 32.328 1.522
17.465 32.350 1.453
17.468 32.373 1.384
17.473 32.395 1.316
17.480 32.416 1.247
17.488 32.438 1.178
17.485 32.432 1.178
17.482 32.426 1.178
17.479 32.421 1.178
17.476 32.415 1.178
17.474 32.410 1.178
17.471 32.404 1.178
17.468 32.399 1.178
17.465 32.393 1.178
17.462 32.388 1.178
17.470 32.406 1.178
17.478 32.425 1.178
17.486 32.444 1.178
17.494 32.463 1.197
17.500 32.482 1.272
17.506 32.502 1.347
17.509 32.522 1.421
17.512 32.542 1.496
17.512 32.563 1.571
17.512 32.565 1.571
17.512 32.568 1.571
17.512 32.571 1.571
17.512 32.574 1.571
17.512 32.576 1.571
17.512 32.579 1.571
17.512 32.582 1.571
17.512 32.585 1.571
17.512 32.588 1.571
17.512 32.590 1.571
17.512 32.593 1.571
17.512 32.596 1.571
17.512 32.599 1.571
17.512 32.601 1.571
17.512 32.604 1.571
17.512 32.607 1.571
17.512 32.610 1.571
17.512 32.613 1.571
17.512 32.615 1.571
17.512 32.618 1.571
17.512 32.621 1.571
17.512 32.624 1.571
17.512 32.626 1.571
17.512 32.629 1.571
17.512 32.632 1.571
17.512 32.635 1.571
17.512 32.638 1.571
17.512 32.640 1.571
17.512 32.643 1.571
17.512 32.646 1.571
17.512 32.649 1.571
17.512 32.651 1.571
17.512 32.654 1.571
17.512 32.657 1.571
17.512 32.660 1.571
17.512 32.663 1.571
17.512 32.685 1.571
17.512 32.707 1.571
17.512 32.729 1.571
17.512 32.751 1.571
17.512 32.774 1.571
17.512 32.796 1.571
17.512 32.818 1.571
17.512 32.840 1.571
17.512 32.863 1.571
17.512 32.885 1.571
17.512 32.907 1.571
17.512 32.929 1.571
17.512 32.951 1.571
17.512 32.974 1.571
17.512 32.996 1.571
17.512 33.018 1.571
17.512 33.040 1.571
17.512 33.063 1.571
17.512 33.085 1.571
17.512 33.107 1.571
17.512 33.129 1.571
17.512 33.151 1.571
17.512 33.174 1.571
17.512 33.196 1.571
17.512 33.218 1.571
17.512 33.240 1.571
17.512 33.263 1.571
17.512 33.285 1.571
17.512 33.307 1.571
17.512 33.329 1.571
17.512 33.351 1.571
17.512 33.374 1.571
17.512 33.396 1.571
17.512 33.418 1.571
17.512 33.440 1.571
17.512 33.463 1.571
17.512 33.485 1.571
17.512 33.507 1.571
17.512 33.529 1.571
17.512 33.551 1.571
17.512 33.574 1.571
17.512 33.596 1.571
17.512 33.618 1.571
17.512 33.640 1.571
17.512 33.663 1.571
17.512 33.685 1.571
17.512 33.707 1.571
17.512 33.729 1.571
17.512 33.751 1.571
17.512 33.774 1.571
17.512 33.796 1.571
17.512 33.818 1.571
17.512 33.840 1.571
17.512 33.863 1.571
17.512 33.885 1.571
17.512 33.907 1.571
17.512 33.929 1.571
17.512 33.951 1.571
17.512 33.974 1.571
17.512 33.996 1.571
17.512 34.018 1.571
17.512 34.040 1.571
17.512 34.063 1.571
17.512 34.085 1.571
17.512 34.107 1.571
17.512 34.129 1.571
17.512 34.151 1.571
17.512 34.174 1.571
17.512 34.196 1.571
17.512 34.218 1.571
17.512 34.240 1.571
17.512 34.263 1.571
17.512 34.285 1.571
17.512 34.307 1.571
17.512 34.329 1.571
17.512 34.351 1.571
17.512 34.374 1.571
17.512 34.396 1.571
17.512 34.418 1.571
17.512 34.440 1.571
17.512 34.463 1.571
17.512 34.485 1.571
17.512 34.507 1.571
17.512 34.529 1.571
17.512 34.551 1.571
17.512 34.574 1.571
17.512 34.596 1.571
17.512 34.618 1.571
17.512 34.640 1.571
17.512 34.663 1.571
17.512 34.685 1.571
17.512 34.707 1.571
17.512 34.729 1.571
17.512 34.751 1.571
17.512 34.774 1.571
17.512 34.796 1.571
17.512 34.818 1.571
17.512 34.840 1.571
17.512 34.863 1.571
17.512 34.885 1.571
17.512 34.907 1.571
17.512 34.929 1.571
17.512 34.951 1.571
17.512 34.974 1.571
17.512 34.996 1.571
17.512 35.018 1.571
17.512 35.040 1.571
17.512 35.063 1.571
17.512 35.085 1.571
17.512 35.107 1.571
17.512 35.129 1.571
17.512 35.151 1.571
17.512 35.174 1.571
17.512 35.196 1.571
17.512 35.218 1.571
17.512 35.240 1.571
17.512 35.263 1.571
17.512 35.285 1.571
17.512 35.307 1.571
17.512 35.329 1.571
17.512 35.351 1.571
17.512 35.374 1.571
17.512 35.396 1.571
17.512 35.418 1.571
17.512 35.440 1.571
17.512 35.463 1.571
17.512 35.485 1.571
17.512 35.507 1.571
17.512 35.529 1.571
17.512 35.551 1.571
17.512 35.574 1.571
17.512 35.596 1.571
17.512 35.618 1.571
17.512 35.640 1.571
17.512 35.663 1.571
17.512 35.685 1.571
17.512 35.708 1.571
17.512 35.730 1.571
17.513 35.753 1.522
17.515 35.775 1.453
17.518 35.798 1.384
17.523 35.820 1.316
17.530 35.841 1.247
17.538 35.863 1.178
17.540 35.868 1.178
17.543 35.874 1.178
17.546 35.879 1.178
17.549 35.885 1.178
17.551 35.890 1.178
17.554 35.896 1.178
17.557 35.901 1.178
17.560 35.907 1.178
17.562 35.913 1.178
17.571 35.929 1.178
17.579 35.946 1.178
17.587 35.962 1.178
17.596 35.979 1.178
17.604 35.996 1.178
17.613 36.013 1.178
17.621 36.029 1.178
17.629 36.046 1.178
17.637 36.063 1.178
17.646 36.079 1.178
17.654 36.096 1.178
17.662 36.113 1.178
17.671 36.129 1.178
17.679 36.146 1.178
17.688 36.163 1.178
17.696 36.179 1.178
17.704 36.196 1.178
17.712 36.213 1.178
17.721 36.229 1.178
17.729 36.246 1.178
17.737 36.263 1.178
17.746 36.279 1.178
17.754 36.296 1.178
17.762 36.313 1.178
17.771 36.329 1.178
17.779 36.346 1.178
17.788 36.363 1.178
17.796 36.379 1.178
17.804 36.396 1.178
17.812 36.413 1.178
17.821 36.429 1.178
17.829 36.446 1.178
17.838 36.463 1.178
17.846 36.479 1.178
17.854 36.496 1.178
17.863 36.513 1.178
17.871 36.529 1.178
17.879 36.546 1.178
17.887 36.562 1.178
17.896 36.579 1.178
17.904 36.596 1.178
17.913 36.613 1.178
17.921 36.629 1.178
17.929 36.646 1.178
17.938 36.663 1.178
17.946 36.679 1.178
17.954 36.696 1.178
17.962 36.712 1.178
17.971 36.729 1.178
17.979 36.746 1.178
17.988 36.763 1.178
17.996 36.779 1.178
18.004 36.796 1.178
18.012 36.813 1.178
18.020 36.831 1.178
18.028 36.850 1.178
18.036 36.869 1.178
18.044 36.888 1.197
18.050 36.907 1.272
18.056 36.927 1.347
18.059 36.947 1.421
18.062 36.967 1.496
18.062 36.988 1.571
18.062 36.990 1.571
18.062 36.993 1.571
18.062 36.996 1.571
18.062 36.999 1.571
18.062 37.001 1.571
18.062 37.004 1.571
18.062 37.007 1.571
18.062 37.010 1.571
18.062 37.013 1.571
18.062 37.015 1.571
18.062 37.018 1.571
18.062 37.021 1.571
18.062 37.024 1.571
18.062 37.026 1.571
18.062 37.029 1.571
18.062 37.032 1.571
18.062 37.035 1.571
18.062 37.038 1.571
18.062 37.040 1.571
18.062 37.043 1.571
18.062 37.046 1.571
18.062 37.049 1.571
18.062 37.051 1.571
18.062 37.054 1.571
18.062 37.057 1.571
18.062 37.060 1.571
18.062 37.063 1.571
18.062 37.085 1.571
18.062 37.107 1.571
18.062 37.129 1.571
18.062 37.151 1.571
18.062 37.174 1.571
18.062 37.196 1.571
18.062 37.218 1.571
18.062 37.240 1.571
18.062 37.263 1.571
18.062 37.285 1.571
18.062 37.307 1.571
18.062 37.329 1.571
18.062 37.351 1.571
18.062 37.374 1.571
18.062 37.396 1.571
18.062 37.418 1.571
18.062 37.440 1.571
18.062 37.463 1.571
18.062 37.485 1.571
18.062 37.507 1.571
18.062 37.529 1.571
18.062 37.551 1.571
18.062 37.574 1.571
18.062 37.596 1.571
18.062 37.618 1.571
18.062 37.640 1.571
18.062 37.663 1.571
18.062 37.685 1.571
18.062 37.707 1.571
18.062 37.729 1.571
18.062 37.751 1.571
18.062 37.774 1.571
18.062 37.796 1.571
18.062 37.818 1.571
18.062 37.840 1.571
18.062 37.863 1.571
18.062 37.885 1.571
18.062 37.907 1.571
18.062 37.929 1.571
18.062 37.951 1.571
18.062 37.974 1.571
18.062 37.996 1.571
18.062 38.018 1.571
18.062 38.040 1.571
18.062 38.063 1.571
18.062 38.085 1.571
18.062 38.107 1.571
18.062 38.129 1.571
18.062 38.151 1.571
18.062 38.174 1.571
18.062 38.196 1.571
18.062 38.218 1.571
18.062 38.240 1.571
18.062 38.263 1.571
18.062 38.285 1.571
18.062 38.307 1.571
18.062 38.329 1.571
18.062 38.351 1.571
18.062 38.374 1.571
18.062 38.396 1.571
18.062 38.418 1.571
18.062 38.440 1.571
18.062 38.463 1.571
18.062 38.485 1.571
18.062 38.507 1.571
18.062 38.529 1.571
18.062 38.551 1.571
18.062 38.574 1.571
18.062 38.596 1.571
18.062 38.618 1.571
18.062 38.640 1.571
18.062 38.663 1.571
18.062 38.685 1.571
18.062 38.708 1.571
18.062 38.730 1.571
18.063 38.753 1.522
18.065 38.775 1.453
18.068 38.798 1.384
18.073 38.820 1.316
18.080 38.841 1.247
18.087 38.863 1.178
18.090 38.868 1.178
18.093 38.874 1.178
18.096 38.879 1.178
18.099 38.885 1.178
18.101 38.890 1.178
18.104 38.896 1.178
18.107 38.901 1.178
18.110 38.907 1.178
18.113 38.913 1.178
18.115 38.918 1.178
18.118 38.924 1.178
18.121 38.929 1.178
18.124 38.935 1.178
18.126 38.940 1.178
18.129 38.946 1.178
18.132 38.951 1.178
18.135 38.957 1.178
18.137 38.963 1.178
18.146 38.979 1.178
18.154 38.996 1.178
18.162 39.013 1.178
18.171 39.029 1.178
18.179 39.046 1.178
18.188 39.063 1.178
18.196 39.079 1.178
18.204 39.096 1.178
18.212 39.113 1.178
18.221 39.129 1.178
18.229 39.146 1.178
18.237 39.163 1.178
18.246 39.179 1.178
18.254 39.196 1.178
18.262 39.213 1.178
18.271 39.229 1.178
18.279 39.246 1.178
18.288 39.263 1.178
18.296 39.279 1.178
18.304 39.296 1.178
18.312 39.312 1.178
18.321 39.329 1.178
18.329 39.346 1.178
18.338 39.363 1.178
18.346 39.379 1.178
18.354 39.396 1.178
18.363 39.413 1.178
18.371 39.429 1.178
18.379 39.446 1.178
18.387 39.463 1.178
18.396 39.479 1.178
18.404 39.496 1.178
18.413 39.513 1.178
18.421 39.529 1.178
18.429 39.546 1.178
18.438 39.563 1.178
18.446 39.579 1.178
18.454 39.596 1.178
18.462 39.613 1.178
18.471 39.629 1.178
18.479 39.646 1.178
18.488 39.663 1.178
18.496 39.679 1.178
18.504 39.696 1.178
18.512 39.713 1.178
18.521 39.729 1.178
18.529 39.746 1.178
18.537 39.763 1.178
18.546 39.779 1.178
18.554 39.796 1.178
18.562 39.813 1.178
18.571 39.829 1.178
18.579 39.846 1.178
18.587 39.863 1.178
18.596 39.879 1.178
18.604 39.896 1.178
18.612 39.913 1.178
18.621 39.929 1.178
18.629 39.946 1.178
18.637 39.963 1.178
18.646 39.979 1.178
18.654 39.996 1.178
18.663 40.013 1.178
18.672 40.027 1.148
18.681 40.042 1.117
18.692 40.056 1.087
18.702 40.071 1.057
18.713 40.085 1.027
18.725 40.098 0.996
18.737 40.112 0.966
18.750 40.125 0.936
18.762 40.138 0.785
18.765 40.140 0.785
18.768 40.143 0.785
18.771 40.146 0.785
18.774 40.149 0.785
18.776 40.151 0.785
18.779 40.154 0.785
18.782 40.157 0.785
18.785 40.160 0.785
18.788 40.163 0.785
18.790 40.165 0.785
18.793 40.168 0.785
18.796 40.171 0.785
18.799 40.174 0.785
18.801 40.176 0.785
18.804 40.179 0.785
18.807 40.182 0.785
18.810 40.185 0.785
18.812 40.188 0.785
18.815 40.190 0.785
18.818 40.193 0.785
18.821 40.196 0.785
18.824 40.199 0.785
18.826 40.201 0.785
18.829 40.204 0.785
18.832 40.207 0.785
18.835 40.210 0.785
18.837 40.213 0.785
18.840 40.215 0.785
18.843 40.218 0.785
18.846 40.221 0.785
18.849 40.224 0.785
18.851 40.226 0.785
18.854 40.229 0.785
18.857 40.232 0.785
18.860 40.235 0.785
18.863 40.238 0.785
18.879 40.254 0.785
18.896 40.271 0.785
18.913 40.288 0.785
18.929 40.304 0.785
18.946 40.321 0.785
18.963 40.338 0.785
18.979 40.354 0.785
18.996 40.371 0.785
19.012 40.388 0.785
19.029 40.404 0.785
19.046 40.421 0.785
19.062 40.438 0.785
19.079 40.454 0.785
19.096 40.471 0.785
19.113 40.488 0.785
19.129 40.504 0.785
19.146 40.521 0.785
19.163 40.538 0.785
19.179 40.554 0.785
19.196 40.571 0.785
19.213 40.588 0.785
19.229 40.604 0.785
19.246 40.621 0.785
19.263 40.638 0.785
19.279 40.654 0.785
19.296 40.671 0.785
19.312 40.688 0.785
19.329 40.704 0.785
19.346 40.721 0.785
19.363 40.738 0.785
19.379 40.754 0.785
19.396 40.771 0.785
19.413 40.788 0.785
19.429 40.804 0.785
19.446 40.821 0.785
19.463 40.838 0.785
19.479 40.854 0.785
19.496 40.871 0.785
19.513 40.888 0.785
19.529 40.904 0.785
19.546 40.921 0.785
19.563 40.938 0.785
19.579 40.954 0.785
19.596 40.971 0.785
19.613 40.988 0.785
19.629 41.004 0.785
19.646 41.021 0.785
19.663 41.038 0.785
19.679 41.054 0.785
19.696 41.071 0.785
19.713 41.088 0.785
19.729 41.104 0.785
19.746 41.121 0.785
19.762 41.138 0.785
19.779 41.154 0.785
19.796 41.171 0.785
19.812 41.188 0.785
19.829 41.204 0.785
19.846 41.221 0.785
19.863 41.238 0.785
19.879 41.254 0.785
19.896 41.271 0.785
19.913 41.288 0.785
19.929 41.304 0.785
19.946 41.321 0.785
19.963 41.338 0.785
19.979 41.354 0.785
19.996 41.371 0.785
20.013 41.388 0.785
20.029 41.404 0.785
20.046 41.421 0.785
20.062 41.438 0.785
20.079 41.454 0.785
20.096 41.471 0.785
20.113 41.488 0.785
20.129 41.504 0.785
20.146 41.521 0.785
20.163 41.538 0.785
20.179 41.554 0.785
20.196 41.571 0.785
20.213 41.588 0.785
20.230 41.605 0.785
20.247 41.621 0.756
20.265 41.638 0.704
20.283 41.653 0.652
20.303 41.667 0.600
20.323 41.680 0.548
20.344 41.692 0.496
20.366 41.703 0.445
20.387 41.713 0.393
20.404 41.721 0.393
20.421 41.729 0.393
20.438 41.738 0.393
20.454 41.746 0.393
20.471 41.754 0.393
20.488 41.763 0.393
20.504 41.771 0.393
20.521 41.779 0.393
20.538 41.788 0.393
20.554 41.796 0.393
20.571 41.804 0.393
20.588 41.813 0.393
20.604 41.821 0.393
20.621 41.829 0.393
20.638 41.838 0.393
20.654 41.846 0.393
20.671 41.854 0.393
20.688 41.863 0.393
20.704 41.871 0.393
20.721 41.879 0.393
20.738 41.888 0.393
20.754 41.896 0.393
20.771 41.904 0.393
20.788 41.913 0.393
20.804 41.921 0.393
20.821 41.929 0.393
20.838 41.938 0.393
20.854 41.946 0.393
20.871 41.954 0.393
20.888 41.963 0.393
20.904 41.971 0.393
20.921 41.979 0.393
20.938 41.988 0.393
20.954 41.996 0.393
20.971 42.004 0.393
20.988 42.013 0.393
21.004 42.021 0.393
21.021 42.029 0.393
21.038 42.038 0.393
21.054 42.046 0.393
21.071 42.054 0.393
21.088 42.062 0.393
21.104 42.071 0.393
21.121 42.079 0.393
21.137 42.088 0.393
21.154 42.096 0.393
21.171 42.104 0.393
21.188 42.113 0.393
21.204 42.121 0.393
21.221 42.129 0.393
21.238 42.138 0.393
21.254 42.146 0.393
21.271 42.154 0.393
21.288 42.163 0.393
21.304 42.171 0.393
21.321 42.179 0.393
21.338 42.188 0.393
21.354 42.196 0.393
21.371 42.204 0.393
21.388 42.213 0.393
21.404 42.221 0.393
21.421 42.229 0.393
21.438 42.238 0.393
21.454 42.246 0.393
21.471 42.254 0.393
21.488 42.263 0.393
21.504 42.271 0.393
21.521 42.279 0.393
21.538 42.288 0.393
21.554 42.296 0.393
21.571 42.304 0.393
21.588 42.313 0.393
21.604 42.321 0.393
21.621 42.329 0.393
21.638 42.338 0.393
21.654 42.346 0.393
21.671 42.354 0.393
21.688 42.363 0.393
21.704 42.371 0.393
21.721 42.379 0.393
21.738 42.388 0.393
21.754 42.396 0.393
21.771 42.404 0.393
21.788 42.413 0.393
21.804 42.421 0.393
21.821 42.429 0.393
21.838 42.438 0.393
21.854 42.446 0.393
21.871 42.454 0.393
21.887 42.463 0.393
21.906 42.470 0.393
21.925 42.478 0.393
21.944 42.486 0.393
21.963 42.494 0.374
21.982 42.500 0.299
22.002 42.506 0.224
22.022 42.510 0.149
22.042 42.512 0.075
22.062 42.513 0.000
22.065 42.513 0.000
22.068 42.513 0.000
22.071 42.513 0.000
22.074 42.513 0.000
22.076 42.513 0.000
22.079 42.513 0.000
22.082 42.513 0.000
22.085 42.513 0.000
22.088 42.513 0.000
22.090 42.513 0.000
22.093 42.513 0.000
22.096 42.513 0.000
22.099 42.513 0.000
22.101 42.513 0.000
22.104 42.513 0.000
22.107 42.513 0.000
22.110 42.513 0.000
22.113 42.513 0.000
22.115 42.513 0.000
22.118 42.513 0.000
22.121 42.513 0.000
22.124 42.513 0.000
22.126 42.513 0.000
22.129 42.513 0.000
22.132 42.513 0.000
22.135 42.513 0.000
22.137 42.513 0.000
22.140 42.513 0.000
22.143 42.513 0.000
22.146 42.513 0.000
22.149 42.513 0.000
22.151 42.513 0.000
22.154 42.513 0.000
22.157 42.513 0.000
22.160 42.513 0.000
22.163 42.513 0.000
22.185 42.513 0.000
22.207 42.513 0.000
22.229 42.513 0.000
22.251 42.513 0.000
22.274 42.513 0.000
22.296 42.513 0.000
22.318 42.513 0.000
22.340 42.513 0.000
22.363 42.513 0.000
22.385 42.513 0.000
22.407 42.513 0.000
22.429 42.513 0.000
22.451 42.513 0.000
22.474 42.513 0.000
22.496 42.513 0.000
22.518 42.513 0.000
22.540 42.513 0.000
22.562 42.513 0.000
22.585 42.513 0.000
22.607 42.513 0.000
22.629 42.513 0.000
22.651 42.513 0.000
22.674 42.513 0.000
22.696 42.513 0.000
22.718 42.513 0.000
22.740 42.513 0.000
22.762 42.513 0.000
22.785 42.513 0.000
22.807 42.513 0.000
22.829 42.513 0.000
22.851 42.513 0.000
22.874 42.513 0.000
22.896 42.513 0.000
22.918 42.513 0.000
22.940 42.513 0.000
22.963 42.513 0.000
22.985 42.513 0.000
23.007 42.513 0.000
23.029 42.513 0.000
23.051 42.513 0.000
23.074 42.513 0.000
23.096 42.513 0.000
23.118 42.513 0.000
23.140 42.513 0.000
23.163 42.513 0.000
23.185 42.513 0.000
23.207 42.513 0.000
23.229 42.513 0.000
23.251 42.513 0.000
23.274 42.513 0.000
23.296 42.513 0.000
23.318 42.513 0.000
23.340 42.513 0.000
23.363 42.513 0.000
23.385 42.513 0.000
23.407 42.513 0.000
23.429 42.513 0.000
23.451 42.513 0.000
23.474 42.513 0.000
23.496 42.513 0.000
23.518 42.513 0.000
23.540 42.513 0.000
23.562 42.513 0.000
23.585 42.513 0.000
23.607 42.513 0.000
23.629 42.513 0.000
23.651 42.513 0.000
23.674 42.513 0.000
23.696 42.513 0.000
23.718 42.513 0.000
23.740 42.513 0.000
23.762 42.513 0.000
23.765 42.513 0.000
23.768 42.513 0.000
23.771 42.513 0.000
23.774 42.513 0.000
23.776 42.513 0.000
23.779 42.513 0.000
23.782 42.513 0.000
23.785 42.513 0.000
23.788 42.513 0.000
23.790 42.513 0.000
23.793 42.513 0.000
23.796 42.513 0.000
23.799 42.513 0.000
23.801 42.513 0.000
23.804 42.513 0.000
23.807 42.513 0.000
23.810 42.513 0.000
23.812 42.513 0.000
23.815 42.513 0.000
23.818 42.513 0.000
23.821 42.513 0.000
23.824 42.513 0.000
23.826 42.513 0.000
23.829 42.513 0.000
23.832 42.513 0.000
23.835 42.513 0.000
23.838 42.513 0.000
23.840 42.513 0.000
23.843 42.513 0.000
23.846 42.513 0.000
23.849 42.513 0.000
23.851 42.513 0.000
23.854 42.513 0.000
23.857 42.513 0.000
23.860 42.513 0.000
23.863 42.513 0.000
23.865 42.513 0.000
23.868 42.513 0.000
23.871 42.513 0.000
23.874 42.513 0.000
23.876 42.513 0.000
23.879 42.513 0.000
23.882 42.513 0.000
23.885 42.513 0.000
23.887 42.513 0.000
23.890 42.513 0.000
23.893 42.513 0.000
23.896 42.513 0.000
23.899 42.513 0.000
23.901 42.513 0.000
23.904 42.513 0.000
23.907 42.513 0.000
23.910 42.513 0.000
23.913 42.513 0.000
23.935 42.513 0.000
23.957 42.513 0.000
23.979 42.513 0.000
24.001 42.513 0.000
24.024 42.513 0.000
24.046 42.513 0.000
24.068 42.513 0.000
24.090 42.513 0.000
24.113 42.513 0.000
24.135 42.513 0.000
24.157 42.513 0.000
24.179 42.513 0.000
24.201 42.513 0.000
24.224 42.513 0.000
24.246 42.513 0.000
24.268 42.513 0.000
24.290 42.513 0.000
24.312 42.513 0.000
24.335 42.513 0.000
24.357 42.513 0.000
24.379 42.513 0.000
24.401 42.513 0.000
24.424 42.513 0.000
24.446 42.513 0.000
24.468 42.513 0.000
24.490 42.513 0.000
24.512 42.513 0.000
24.535 42.513 0.000
24.557 42.513 0.000
24.579 42.513 0.000
24.601 42.513 0.000
24.624 42.513 0.000
24.646 42.513 0.000
24.668 42.513 0.000
24.690 42.513 0.000
24.713 42.513 0.000
24.735 42.513 0.000
24.757 42.513 0.000
24.779 42.513 0.000
24.801 42.513 0.000
24.824 42.513 0.000
24.846 42.513 0.000
24.868 42.513 0.000
24.890 42.513 0.000
24.913 42.513 0.000
24.935 42.513 0.000
24.957 42.513 0.000
24.979 42.513 0.000
25.001 42.513 0.000
25.024 42.513 0.000
25.046 42.513 0.000
25.068 42.513 0.000
25.090 42.513 0.000
25.113 42.513 0.000
25.135 42.513 0.000
25.157 42.513 0.000
25.179 42.513 0.000
25.201 42.513 0.000
25.224 42.513 0.000
25.246 42.513 0.000
25.268 42.513 0.000
25.290 42.513 0.000
25.312 42.513 0.000
25.335 42.513 0.000
25.357 42.513 0.000
25.379 42.513 0.000
25.401 42.513 0.000
25.424 42.513 0.000
25.446 42.513 0.000
25.468 42.513 0.000
25.490 42.513 0.000
25.512 42.513 0.000
25.535 42.513 0.000
25.557 42.513 0.000
25.579 42.513 0.000
25.601 42.513 0.000
25.624 42.513 0.000
25.646 42.513 0.000
25.668 42.513 0.000
25.690 42.513 0.000
25.713 42.513 0.000
25.735 42.513 0.000
25.757 42.513 0.000
25.779 42.513 0.000
25.801 42.513 0.000
25.824 42.513 0.000
25.846 42.513 0.000
25.868 42.513 0.000
25.890 42.513 0.000
25.913 42.513 0.000
25.935 42.513 0.000
25.957 42.513 0.000
25.979 42.513 0.000
26.001 42.513 0.000
26.024 42.513 0.000
26.046 42.513 0.000
26.068 42.513 0.000
26.090 42.513 0.000
26.113 42.513 0.000
26.135 42.513 0.000
26.157 42.513 0.000
26.179 42.513 0.000
26.201 42.513 0.000
26.224 42.513 0.000
26.246 42.513 0.000
26.268 42.513 0.000
26.290 42.513 0.000
26.312 42.513 0.000
26.335 42.513 0.000
26.357 42.513 0.000
26.379 42.513 0.000
26.401 42.513 0.000
26.424 42.513 0.000
26.446 42.513 0.000
26.468 42.513 0.000
26.490 42.513 0.000
26.512 42.513 0.000
26.535 42.513 0.000
26.557 42.513 0.000
26.579 42.513 0.000
26.601 42.513 0.000
26.624 42.513 0.000
26.646 42.513 0.000
26.668 42.513 0.000
26.690 42.513 0.000
26.713 42.513 0.000
26.735 42.513 0.000
26.757 42.513 0.000
26.779 42.513 0.000
26.801 42.513 0.000
26.824 42.513 0.000
26.846 42.513 0.000
26.868 42.513 0.000
26.890 42.513 0.000
26.913 42.513 0.000
26.935 42.513 0.000
26.957 42.513 0.000
26.979 42.513 0.000
27.001 42.513 0.000
27.024 42.513 0.000
27.046 42.513 0.000
27.068 42.513 0.000
27.090 42.513 0.000
27.113 42.513 0.000
27.135 42.513 0.000
27.157 42.513 0.000
27.179 42.513 0.000
27.201 42.513 0.000
27.224 42.513 0.000
27.246 42.513 0.000
27.268 42.513 0.000
27.290 42.513 0.000
27.312 42.513 0.000
27.335 42.513 0.000
27.357 42.513 0.000
27.379 42.513 0.000
27.401 42.513 0.000
27.424 42.513 0.000
27.446 42.513 0.000
27.468 42.513 0.000
27.490 42.513 0.000
27.512 42.513 0.000
27.535 42.513 0.000
27.557 42.513 0.000
27.579 42.513 0.000
27.601 42.513 0.000
27.624 42.513 0.000
27.646 42.513 0.000
27.668 42.513 0.000
27.690 42.513 0.000
27.713 42.513 0.000
27.735 42.513 0.000
27.757 42.513 0.000
27.779 42.513 0.000
27.801 42.513 0.000
27.824 42.513 0.000
27.846 42.513 0.000
27.868 42.513 0.000
27.890 42.513 0.000
27.913 42.513 0.000
27.935 42.513 0.000
27.957 42.513 0.000
27.979 42.513 0.000
28.001 42.513 0.000
28.024 42.513 0.000
28.046 42.513 0.000
28.068 42.513 0.000
28.090 42.513 0.000
28.113 42.513 0.000
28.135 42.513 0.000
28.157 42.513 0.000
28.179 42.513 0.000
28.201 42.513 0.000
28.224 42.513 0.000
28.246 42.513 0.000
28.268 42.513 0.000
28.290 42.513 0.000
28.312 42.513 0.000
28.335 42.513 0.000
28.357 42.513 0.000
28.379 42.513 0.000
28.401 42.513 0.000
28.424 42.513 0.000
28.446 42.513 0.000
28.468 42.513 0.000
28.490 42.513 0.000
28.512 42.513 0.000
28.515 42.513 0.000
28.518 42.513 0.000
28.521 42.513 0.000
28.524 42.513 0.000
28.526 42.513 0.000
28.529 42.513 0.000
28.532 42.513 0.000
28.535 42.513 0.000
28.538 42.513 0.000
28.540 42.513 0.000
28.543 42.513 0.000
28.546 42.513 0.000
28.549 42.513 0.000
28.551 42.513 0.000
28.554 42.513 0.000
28.557 42.513 0.000
28.560 42.513 0.000
28.562 42.513 0.000
28.565 42.513 0.000
28.568 42.513 0.000
28.571 42.513 0.000
28.574 42.513 0.000
28.576 42.513 0.000
28.579 42.513 0.000
28.582 42.513 0.000
28.585 42.513 0.000
28.588 42.513 0.000
28.590 42.513 0.000
28.593 42.513 0.000
28.596 42.513 0.000
28.599 42.513 0.000
28.601 42.513 0.000
28.604 42.513 0.000
28.607 42.513 0.000
28.610 42.513 0.000
28.613 42.513 0.000
28.615 42.513 0.000
28.618 42.513 0.000
28.621 42.513 0.000
28.624 42.513 0.000
28.626 42.513 0.000
28.629 42.513 0.000
28.632 42.513 0.000
28.635 42.513 0.000
28.637 42.513 0.000
28.660 42.513 0.000
28.682 42.513 0.000
28.704 42.513 0.000
28.726 42.513 0.000
28.749 42.513 0.000
28.771 42.513 0.000
28.793 42.513 0.000
28.815 42.513 0.000
28.838 42.513 0.000
28.860 42.513 0.000
28.882 42.513 0.000
28.904 42.513 0.000
28.926 42.513 0.000
28.949 42.513 0.000
28.971 42.513 0.000
28.993 42.513 0.000
29.015 42.513 0.000
29.038 42.513 0.000
29.060 42.513 0.000
29.083 42.513 0.000
29.105 42.513 0.000
29.128 42.513 0.049
29.150 42.515 0.118
29.173 42.518 0.186
29.195 42.523 0.255
29.216 42.530 0.324
29.238 42.538 0.393
29.254 42.546 0.393
29.271 42.554 0.393
29.288 42.563 0.393
29.304 42.571 0.393
29.321 42.579 0.393
29.338 42.588 0.393
29.354 42.596 0.393
29.371 42.604 0.393
29.387 42.613 0.393
29.404 42.621 0.393
29.421 42.629 0.393
29.438 42.638 0.393
29.454 42.646 0.393
29.471 42.654 0.393
29.488 42.663 0.393
29.504 42.671 0.393
29.521 42.679 0.393
29.538 42.688 0.393
29.554 42.696 0.393
29.571 42.704 0.393
29.588 42.713 0.393
29.604 42.721 0.393
29.621 42.729 0.393
29.638 42.738 0.393
29.654 42.746 0.393
29.671 42.754 0.393
29.688 42.763 0.393
29.704 42.771 0.393
29.721 42.779 0.393
29.738 42.788 0.393
29.754 42.796 0.393
29.771 42.804 0.393
29.788 42.812 0.393
29.804 42.821 0.393
29.821 42.829 0.393
29.838 42.838 0.393
29.854 42.846 0.393
29.871 42.854 0.393
29.888 42.863 0.393
29.904 42.871 0.393
29.921 42.879 0.393
29.938 42.888 0.393
29.954 42.896 0.393
29.971 42.904 0.393
29.988 42.913 0.393
30.002 42.922 0.423
30.017 42.931 0.453
30.032 42.942 0.484
30.046 42.952 0.514
30.060 42.963 0.544
30.073 42.975 0.575
30.087 42.987 0.605
30.100 43.000 0.635
30.113 43.013 0.785
30.115 43.015 0.785
30.118 43.018 0.785
30.121 43.021 0.785
30.124 43.024 0.785
30.126 43.026 0.785
30.129 43.029 0.785
30.132 43.032 0.785
30.135 43.035 0.785
30.137 43.038 0.785
30.154 43.055 0.785
30.171 43.072 0.815
30.188 43.090 0.867
30.203 43.108 0.919
30.217 43.128 0.971
30.230 43.148 1.022
30.242 43.169 1.074
30.253 43.191 1.126
30.262 43.213 1.178
30.270 43.231 1.178
30.278 43.250 1.178
30.286 43.269 1.178
30.294 43.288 1.197
30.300 43.307 1.272
30.306 43.327 1.347
30.309 43.347 1.421
30.312 43.367 1.496
30.312 43.388 1.571
30.312 43.390 1.571
30.312 43.393 1.571
30.312 43.396 1.571
30.312 43.399 1.571
30.312 43.401 1.571
30.312 43.404 1.571
30.312 43.407 1.571
30.312 43.410 1.571
30.312 43.413 1.571
30.312 43.415 1.571
30.312 43.418 1.571
30.312 43.421 1.571
30.312 43.424 1.571
30.312 43.426 1.571
30.312 43.429 1.571
30.312 43.432 1.571
30.312 43.435 1.571
30.312 43.438 1.571
30.312 43.440 1.571
30.312 43.443 1.571
30.312 43.446 1.571
30.312 43.449 1.571
30.312 43.451 1.571
30.312 43.454 1.571
30.312 43.457 1.571
30.312 43.460 1.571
30.312 43.463 1.571
30.312 43.465 1.571
30.312 43.468 1.571
30.312 43.471 1.571
30.312 43.474 1.571
30.312 43.476 1.571
30.312 43.479 1.571
30.312 43.482 1.571
30.312 43.485 1.571
30.312 43.488 1.571
30.312 43.510 1.571
30.312 43.532 1.571
30.312 43.554 1.571
30.312 43.576 1.571
30.312 43.599 1.571
30.312 43.621 1.571
30.312 43.643 1.571
30.312 43.665 1.571
30.312 43.688 1.571
30.312 43.710 1.571
30.312 43.733 1.571
30.312 43.755 1.571
30.313 43.778 1.522
30.315 43.800 1.453
30.318 43.823 1.384
30.323 43.845 1.316
30.330 43.866 1.247
30.338 43.888 1.178
30.346 43.904 1.178
30.354 43.921 1.178
30.363 43.938 1.178
30.371 43.954 1.178
30.379 43.971 1.178
30.388 43.988 1.178
30.396 44.004 1.178
30.404 44.021 1.178
30.413 44.038 1.178
30.421 44.054 1.178
30.429 44.071 1.178
30.438 44.088 1.178
30.446 44.104 1.178
30.454 44.121 1.178
30.463 44.138 1.178
30.471 44.154 1.178
30.479 44.171 1.178
30.488 44.188 1.178
30.496 44.204 1.178
30.504 44.221 1.178
30.512 44.238 1.178
30.521 44.254 1.178
30.529 44.271 1.178
30.538 44.288 1.178
30.546 44.304 1.178
30.554 44.321 1.178
30.562 44.338 1.178
30.571 44.354 1.178
30.579 44.371 1.178
30.587 44.388 1.178
30.596 44.404 1.178
30.604 44.421 1.178
30.613 44.438 1.178
30.621 44.454 1.178
30.629 44.471 1.178
30.637 44.488 1.178
30.646 44.504 1.178
30.654 44.521 1.178
30.662 44.538 1.178
30.671 44.554 1.178
30.679 44.571 1.178
30.688 44.588 1.178
30.696 44.604 1.178
30.704 44.621 1.178
30.713 44.638 1.178
30.721 44.654 1.178
30.729 44.671 1.178
30.738 44.688 1.178
30.746 44.704 1.178
30.754 44.721 1.178
30.763 44.738 1.178
30.771 44.754 1.178
30.779 44.771 1.178
30.788 44.788 1.178
30.796 44.804 1.178
30.804 44.821 1.178
30.812 44.838 1.178
30.821 44.854 1.178
30.829 44.871 1.178
30.838 44.888 1.178
30.846 44.904 1.178
30.854 44.921 1.178
30.863 44.938 1.178
30.871 44.954 1.178
30.879 44.971 1.178
30.887 44.988 1.178
30.896 45.004 1.178
30.904 45.021 1.178
30.913 45.038 1.178
30.921 45.054 1.178
30.929 45.071 1.178
30.938 45.088 1.178
30.946 45.104 1.178
30.954 45.121 1.178
30.962 45.138 1.178
30.971 45.154 1.178
30.979 45.171 1.178
30.988 45.188 1.178
30.996 45.204 1.178
31.004 45.221 1.178
31.012 45.238 1.178
31.021 45.254 1.178
31.029 45.271 1.178
31.037 45.288 1.178
31.046 45.304 1.178
31.054 45.321 1.178
31.062 45.338 1.178
31.071 45.354 1.178
31.079 45.371 1.178
31.088 45.388 1.178
31.096 45.404 1.178
31.104 45.421 1.178
31.113 45.438 1.178
31.121 45.454 1.178
31.129 45.471 1.178
31.138 45.488 1.178
31.146 45.504 1.178
31.154 45.521 1.178
31.163 45.538 1.178
31.171 45.554 1.178
31.179 45.571 1.178
31.188 45.588 1.178
31.196 45.604 1.178
31.204 45.621 1.178
31.213 45.638 1.178
31.221 45.654 1.178
31.229 45.671 1.178
31.238 45.688 1.178
31.246 45.704 1.178
31.254 45.721 1.178
31.262 45.738 1.178
31.271 45.754 1.178
31.279 45.771 1.178
31.288 45.788 1.178
31.296 45.804 1.178
31.304 45.821 1.178
31.312 45.838 1.178
31.322 45.852 1.148
31.331 45.867 1.117
31.342 45.882 1.087
31.352 45.896 1.057
31.363 45.910 1.027
31.375 45.923 0.996
31.387 45.937 0.966
31.400 45.950 0.936
31.413 45.963 0.785
31.415 45.965 0.785
31.418 45.968 0.785
31.421 45.971 0.785
31.424 45.974 0.785
31.426 45.976 0.785
31.429 45.979 0.785
31.432 45.982 0.785
31.435 45.985 0.785
31.438 45.988 0.785
31.440 45.990 0.785
31.443 45.993 0.785
31.446 45.996 0.785
31.449 45.999 0.785
31.451 46.001 0.785
31.454 46.004 0.785
31.457 46.007 0.785
31.460 46.010 0.785
31.463 46.013 0.785
31.465 46.015 0.785
31.468 46.018 0.785
31.471 46.021 0.785
31.474 46.024 0.785
31.476 46.026 0.785
31.479 46.029 0.785
31.482 46.032 0.785
31.485 46.035 0.785
31.488 46.038 0.785
31.490 46.040 0.785
31.493 46.043 0.785
31.496 46.046 0.785
31.499 46.049 0.785
31.501 46.051 0.785
31.504 46.054 0.785
31.507 46.057 0.785
31.510 46.060 0.785
31.512 46.063 0.785
31.515 46.065 0.785
31.518 46.068 0.785
31.521 46.071 0.785
31.524 46.074 0.785
31.526 46.076 0.785
31.529 46.079 0.785
31.532 46.082 0.785
31.535 46.085 0.785
31.538 46.088 0.785
31.554 46.104 0.785
31.571 46.121 0.785
31.588 46.138 0.785
31.604 46.154 0.785
31.621 46.171 0.785
31.638 46.188 0.785
31.654 46.204 0.785
31.671 46.221 0.785
31.688 46.238 0.785
31.704 46.254 0.785
31.721 46.271 0.785
31.738 46.288 0.785
31.754 46.304 0.785
31.771 46.321 0.785
31.788 46.338 0.785
31.804 46.354 0.785
31.821 46.371 0.785
31.838 46.388 0.785
31.855 46.405 0.785
31.872 46.421 0.756
31.890 46.438 0.704
31.908 46.453 0.652
31.928 46.467 0.600
31.948 46.480 0.548
31.969 46.492 0.496
31.991 46.503 0.445
32.013 46.513 0.393
32.018 46.515 0.393
32.024 46.518 0.393
32.029 46.521 0.393
32.035 46.524 0.393
32.040 46.526 0.393
32.046 46.529 0.393
32.051 46.532 0.393
32.057 46.535 0.393
32.063 46.538 0.393
32.079 46.546 0.393
32.096 46.554 0.393
32.113 46.563 0.393
32.129 46.571 0.393
32.146 46.579 0.393
32.163 46.588 0.393
32.179 46.596 0.393
32.196 46.604 0.393
32.213 46.613 0.393
32.229 46.621 0.393
32.246 46.629 0.393
32.263 46.638 0.393
32.279 46.646 0.393
32.296 46.654 0.393
32.313 46.663 0.393
32.329 46.671 0.393
32.346 46.679 0.393
32.363 46.688 0.393
32.379 46.696 0.393
32.396 46.704 0.393
32.413 46.713 0.393
32.429 46.721 0.393
32.446 46.729 0.393
32.463 46.738 0.393
32.479 46.746 0.393
32.496 46.754 0.393
32.513 46.763 0.393
32.529 46.771 0.393
32.546 46.779 0.393
32.562 46.788 0.393
32.579 46.796 0.393
32.596 46.804 0.393
32.613 46.812 0.393
32.629 46.821 0.393
32.646 46.829 0.393
32.663 46.838 0.393
32.677 46.847 0.423
32.692 46.856 0.453
32.706 46.867 0.484
32.721 46.877 0.514
32.735 46.888 0.544
32.748 46.900 0.575
32.762 46.912 0.605
32.775 46.925 0.635
32.788 46.938 0.785
32.790 46.940 0.785
32.793 46.943 0.785
32.796 46.946 0.785
32.799 46.949 0.785
32.801 46.951 0.785
32.804 46.954 0.785
32.807 46.957 0.785
32.810 46.960 0.785
32.813 46.963 0.785
32.815 46.965 0.785
32.818 46.968 0.785
32.821 46.971 0.785
32.824 46.974 0.785
32.826 46.976 0.785
32.829 46.979 0.785
32.832 46.982 0.785
32.835 46.985 0.785
32.838 46.988 0.785
32.854 47.004 0.785
32.871 47.021 0.785
32.888 47.038 0.785
32.904 47.054 0.785
32.921 47.071 0.785
32.938 47.088 0.785
32.954 47.104 0.785
32.971 47.121 0.785
32.988 47.138 0.785
33.004 47.154 0.785
33.021 47.171 0.785
33.038 47.188 0.785
33.054 47.204 0.785
33.071 47.221 0.785
33.088 47.238 0.785
33.104 47.254 0.785
33.121 47.271 0.785
33.138 47.288 0.785
33.154 47.304 0.785
33.171 47.321 0.785
33.188 47.338 0.785
33.204 47.354 0.785
33.221 47.371 0.785
33.238 47.388 0.785
33.254 47.404 0.785
33.271 47.421 0.785
33.288 47.438 0.785
33.305 47.455 0.785
33.321 47.472 0.815
33.337 47.490 0.867
33.353 47.508 0.919
33.367 47.528 0.971
33.380 47.548 1.022
33.392 47.569 1.074
33.403 47.591 1.126
33.413 47.613 1.178
33.415 47.618 1.178
33.418 47.624 1.178
33.421 47.629 1.178
33.424 47.635 1.178
33.426 47.640 1.178
33.429 47.646 1.178
33.432 47.651 1.178
33.435 47.657 1.178
33.438 47.663 1.178
33.446 47.679 1.178
33.454 47.696 1.178
33.463 47.713 1.178
33.471 47.729 1.178
33.479 47.746 1.178
33.488 47.763 1.178
33.496 47.779 1.178
33.504 47.796 1.178
33.513 47.813 1.178
33.521 47.829 1.178
33.529 47.846 1.178
33.538 47.863 1.178
33.546 47.879 1.178
33.554 47.896 1.178
33.562 47.913 1.178
33.571 47.929 1.178
33.579 47.946 1.178
33.588 47.963 1.178
33.596 47.979 1.178
33.604 47.996 1.178
33.613 48.013 1.178
33.621 48.029 1.178
33.629 48.046 1.178
33.638 48.063 1.178
33.646 48.079 1.178
33.654 48.096 1.178
33.663 48.113 1.178
33.671 48.129 1.178
33.679 48.146 1.178
33.688 48.163 1.178
33.696 48.179 1.178
33.704 48.196 1.178
33.712 48.213 1.178
33.721 48.229 1.178
33.729 48.246 1.178
33.738 48.263 1.178
33.746 48.279 1.178
33.754 48.296 1.178
33.763 48.312 1.178
33.771 48.329 1.178
33.779 48.346 1.178
33.788 48.363 1.178
33.796 48.379 1.178
33.804 48.396 1.178
33.813 48.413 1.178
33.821 48.429 1.178
33.829 48.446 1.178
33.838 48.463 1.178
33.846 48.479 1.178
33.854 48.496 1.178
33.863 48.513 1.178
33.871 48.529 1.178
33.879 48.546 1.178
33.888 48.563 1.178
33.896 48.579 1.178
33.904 48.596 1.178
33.913 48.613 1.178
33.921 48.629 1.178
33.929 48.646 1.178
33.938 48.663 1.178
33.946 48.679 1.178
33.954 48.696 1.178
33.963 48.713 1.178
33.970 48.731 1.178
33.978 48.750 1.178
33.986 48.769 1.178
33.994 48.788 1.197
34.000 48.807 1.272
34.006 48.827 1.347
34.010 48.847 1.421
34.012 48.867 1.496
34.013 48.888 1.571
34.013 48.890 1.571
34.013 48.893 1.571
34.013 48.896 1.571
34.013 48.899 1.571
34.013 48.901 1.571
34.013 48.904 1.571
34.013 48.907 1.571
34.013 48.910 1.571
34.013 48.913 1.571
34.013 48.915 1.571
34.013 48.918 1.571
34.013 48.921 1.571
34.013 48.924 1.571
34.013 48.926 1.571
34.013 48.929 1.571
34.013 48.932 1.571
34.013 48.935 1.571
34.013 48.938 1.571
34.013 48.960 1.571
34.013 48.982 1.571
34.013 49.004 1.571
34.013 49.026 1.571
34.013 49.049 1.571
34.013 49.071 1.571
34.013 49.093 1.571
34.013 49.115 1.571
34.013 49.138 1.571
34.013 49.160 1.571
34.013 49.182 1.571
34.013 49.204 1.571
34.013 49.226 1.571
34.013 49.249 1.571
34.013 49.271 1.571
34.013 49.293 1.571
34.013 49.315 1.571
34.013 49.338 1.571
34.013 49.360 1.571
34.013 49.382 1.571
34.013 49.404 1.571
34.013 49.426 1.571
34.013 49.449 1.571
34.013 49.471 1.571
34.013 49.493 1.571
34.013 49.515 1.571
34.013 49.538 1.571
34.013 49.560 1.571
34.013 49.582 1.571
34.013 49.604 1.571
34.013 49.626 1.571
34.013 49.649 1.571
34.013 49.671 1.571
34.013 49.693 1.571
34.013 49.715 1.571
34.013 49.738 1.571
34.013 49.760 1.571
34.013 49.782 1.571
34.013 49.804 1.571
34.013 49.826 1.571
34.013 49.849 1.571
34.013 49.871 1.571
34.013 49.893 1.571
34.013 49.915 1.571
34.013 49.938 1.571
34.013 49.960 1.571
34.013 49.982 1.571
34.013 50.004 1.571
34.013 50.026 1.571
34.013 50.049 1.571
34.013 50.071 1.571
34.013 50.093 1.571
34.013 50.115 1.571
34.013 50.138 1.571
34.013 50.160 1.571
34.013 50.182 1.571
34.013 50.204 1.571
34.013 50.226 1.571
34.013 50.249 1.571
34.013 50.271 1.571
34.013 50.293 1.571
34.013 50.315 1.571
34.013 50.338 1.571
34.013 50.360 1.571
34.013 50.382 1.571
34.013 50.404 1.571
34.013 50.426 1.571
34.013 50.449 1.571
34.013 50.471 1.571
34.013 50.493 1.571
34.013 50.515 1.571
34.013 50.538 1.571
34.013 50.560 1.571
34.013 50.582 1.571
34.013 50.604 1.571
34.013 50.626 1.571
34.013 50.649 1.571
34.013 50.671 1.571
34.013 50.693 1.571
34.013 50.715 1.571
34.013 50.738 1.571
34.013 50.760 1.571
34.013 50.782 1.571
34.013 50.804 1.571
34.013 50.826 1.571
34.013 50.849 1.571
34.013 50.871 1.571
34.013 50.893 1.571
34.013 50.915 1.571
34.013 50.938 1.571
34.013 50.960 1.571
34.013 50.982 1.571
34.013 51.004 1.571
34.013 51.026 1.571
34.013 51.049 1.571
34.013 51.071 1.571
34.013 51.093 1.571
34.013 51.115 1.571
34.013 51.138 1.571
34.013 51.160 1.571
34.013 51.183 1.571
34.013 51.205 1.571
34.012 51.228 1.620
34.010 51.250 1.688
34.007 51.273 1.757
34.002 51.295 1.826
33.995 51.316 1.895
33.988 51.338 1.964
33.979 51.354 1.964
33.971 51.371 1.964
33.963 51.388 1.964
33.954 51.404 1.964
33.946 51.421 1.964
33.938 51.438 1.964
33.929 51.454 1.964
33.921 51.471 1.964
33.913 51.488 1.964
33.904 51.504 1.964
33.896 51.521 1.964
33.888 51.538 1.964
33.879 51.554 1.964
33.871 51.571 1.964
33.863 51.588 1.964
33.854 51.604 1.964
33.846 51.621 1.964
33.838 51.638 1.964
33.829 51.654 1.964
33.821 51.671 1.964
33.813 51.688 1.964
33.804 51.704 1.964
33.796 51.721 1.964
33.788 51.738 1.964
33.779 51.754 1.964
33.771 51.771 1.964
33.763 51.788 1.964
33.754 51.804 1.964
33.746 51.821 1.964
33.738 51.838 1.964
33.729 51.854 1.964
33.721 51.871 1.964
33.713 51.888 1.964
33.704 51.904 1.964
33.696 51.921 1.964
33.688 51.938 1.964
33.679 51.954 1.964
33.671 51.971 1.964
33.663 51.988 1.964
33.654 52.004 1.964
33.646 52.021 1.964
33.638 52.038 1.964
33.629 52.054 1.964
33.621 52.071 1.964
33.613 52.088 1.964
33.604 52.104 1.964
33.596 52.121 1.964
33.588 52.138 1.964
33.579 52.154 1.964
33.571 52.171 1.964
33.563 52.188 1.964
33.554 52.204 1.964
33.546 52.221 1.964
33.538 52.238 1.964
33.530 52.256 1.964
33.522 52.275 1.964
33.514 52.294 1.964
33.506 52.313 1.944
33.500 52.332 1.870
33.494 52.352 1.795
33.491 52.372 1.720
33.488 52.392 1.645
33.488 52.413 1.571
33.488 52.415 1.571
33.488 52.418 1.571
33.488 52.421 1.571
33.488 52.424 1.571
33.488 52.426 1.571
33.488 52.429 1.571
33.488 52.432 1.571
33.488 52.435 1.571
33.488 52.438 1.571
33.488 52.440 1.571
33.488 52.443 1.571
33.488 52.446 1.571
33.488 52.449 1.571
33.488 52.451 1.571
33.488 52.454 1.571
33.488 52.457 1.571
33.488 52.460 1.571
33.488 52.463 1.571
33.488 52.485 1.571
33.488 52.507 1.571
33.488 52.529 1.571
33.488 52.551 1.571
33.488 52.574 1.571
33.488 52.596 1.571
33.488 52.618 1.571
33.488 52.640 1.571
33.488 52.663 1.571
33.488 52.685 1.571
33.488 52.707 1.571
33.488 52.729 1.571
33.488 52.751 1.571
33.488 52.774 1.571
33.488 52.796 1.571
33.488 52.818 1.571
33.488 52.840 1.571
33.488 52.863 1.571
33.488 52.885 1.571
33.488 52.907 1.571
33.488 52.929 1.571
33.488 52.951 1.571
33.488 52.974 1.571
33.488 52.996 1.571
33.488 53.018 1.571
33.488 53.040 1.571
33.488 53.063 1.571
33.488 53.085 1.571
33.488 53.107 1.571
33.488 53.129 1.571
33.488 53.151 1.571
33.488 53.174 1.571
33.488 53.196 1.571
33.488 53.218 1.571
33.488 53.240 1.571
33.488 53.263 1.571
33.488 53.285 1.571
33.488 53.307 1.571
33.488 53.329 1.571
33.488 53.351 1.571
33.488 53.374 1.571
33.488 53.396 1.571
33.488 53.418 1.571
33.488 53.440 1.571
33.488 53.463 1.571
33.488 53.485 1.571
33.488 53.507 1.571
33.488 53.529 1.571
33.488 53.551 1.571
33.488 53.574 1.571
33.488 53.596 1.571
33.488 53.618 1.571
33.488 53.640 1.571
33.488 53.663 1.571
33.488 53.685 1.571
33.488 53.707 1.571
33.488 53.729 1.571
33.488 53.751 1.571
33.488 53.774 1.571
33.488 53.796 1.571
33.488 53.818 1.571
33.488 53.840 1.571
33.488 53.863 1.571
33.488 53.885 1.571
33.488 53.907 1.571
33.488 53.929 1.571
33.488 53.951 1.571
33.488 53.974 1.571
33.488 53.996 1.571
33.488 54.018 1.571
33.488 54.040 1.571
33.488 54.063 1.571
33.488 54.085 1.571
33.488 54.107 1.571
33.488 54.129 1.571
33.488 54.151 1.571
33.488 54.174 1.571
33.488 54.196 1.571
33.488 54.218 1.571
33.488 54.240 1.571
33.488 54.263 1.571
33.488 54.285 1.571
33.488 54.308 1.571
33.488 54.330 1.571
33.488 54.353 1.522
33.490 54.375 1.453
33.493 54.398 1.384
33.498 54.420 1.316
33.505 54.441 1.247
33.513 54.463 1.178
33.515 54.468 1.178
33.518 54.474 1.178
33.521 54.479 1.178
33.524 54.485 1.178
33.526 54.490 1.178
33.529 54.496 1.178
33.532 54.501 1.178
33.535 54.507 1.178
33.538 54.513 1.178
33.540 54.518 1.178
33.543 54.524 1.178
33.546 54.529 1.178
33.549 54.535 1.178
33.551 54.540 1.178
33.554 54.546 1.178
33.557 54.551 1.178
33.560 54.557 1.178
33.563 54.563 1.178
33.565 54.568 1.178
33.568 54.574 1.178
33.571 54.579 1.178
33.574 54.585 1.178
33.576 54.590 1.178
33.579 54.596 1.178
33.582 54.601 1.178
33.585 54.607 1.178
33.588 54.613 1.178
33.590 54.618 1.178
33.593 54.624 1.178
33.596 54.629 1.178
33.599 54.635 1.178
33.601 54.640 1.178
33.604 54.646 1.178
33.607 54.651 1.178
33.610 54.657 1.178
33.613 54.663 1.178
33.615 54.668 1.178
33.618 54.674 1.178
33.621 54.679 1.178
33.624 54.685 1.178
33.626 54.690 1.178
33.629 54.696 1.178
33.632 54.701 1.178
33.635 54.707 1.178
33.638 54.713 1.178
33.646 54.729 1.178
33.654 54.746 1.178
33.663 54.763 1.178
33.671 54.779 1.178
33.679 54.796 1.178
33.688 54.813 1.178
33.696 54.829 1.178
33.704 54.846 1.178
33.713 54.863 1.178
33.715 54.868 1.178
33.718 54.874 1.178
33.721 54.879 1.178
33.724 54.885 1.178
33.726 54.890 1.178
33.729 54.896 1.178
33.732 54.901 1.178
33.735 54.907 1.178
33.738 54.913 1.178
33.740 54.918 1.178
33.743 54.924 1.178
33.746 54.929 1.178
33.749 54.935 1.178
33.751 54.940 1.178
33.754 54.946 1.178
33.757 54.951 1.178
33.760 54.957 1.178
33.763 54.963 1.178
33.772 54.977 1.148
33.781 54.992 1.117
33.792 55.007 1.087
33.802 55.021 1.057
33.813 55.035 1.027
33.825 55.048 0.996
33.837 55.062 0.966
33.850 55.075 0.936
33.863 55.088 0.785
33.880 55.105 0.785
33.897 55.121 0.756
33.915 55.138 0.704
33.933 55.153 0.652
33.953 55.167 0.600
33.973 55.180 0.548
33.994 55.192 0.496
34.016 55.203 0.445
34.038 55.213 0.393
34.056 55.220 0.393
34.075 55.228 0.393
34.094 55.236 0.393
34.113 55.244 0.374
34.132 55.250 0.299
34.152 55.256 0.224
34.172 55.260 0.149
34.192 55.262 0.075
34.213 55.263 0.000
34.215 55.263 0.000
34.218 55.263 0.000
34.221 55.263 0.000
34.224 55.263 0.000
34.226 55.263 0.000
34.229 55.263 0.000
34.232 55.263 0.000
34.235 55.263 0.000
34.238 55.263 0.000
34.260 55.263 0.000
34.282 55.263 0.000
34.304 55.263 0.000
34.326 55.263 0.000
34.349 55.263 0.000
34.371 55.263 0.000
34.393 55.263 0.000
34.415 55.263 0.000
34.438 55.263 0.000
34.460 55.263 0.000
34.482 55.263 0.000
34.504 55.263 0.000
34.526 55.263 0.000
34.549 55.263 0.000
34.571 55.263 0.000
34.593 55.263 0.000
34.615 55.263 0.000
34.638 55.263 0.000
34.660 55.263 0.000
34.682 55.263 0.000
34.704 55.263 0.000
34.726 55.263 0.000
34.749 55.263 0.000
34.771 55.263 0.000
34.793 55.263 0.000
34.815 55.263 0.000
34.838 55.263 0.000
34.840 55.263 0.000
34.843 55.263 0.000
34.846 55.263 0.000
34.849 55.263 0.000
34.851 55.263 0.000
34.854 55.263 0.000
34.857 55.263 0.000
34.860 55.263 0.000
34.863 55.263 0.000
34.885 55.263 0.000
34.907 55.263 0.000
34.929 55.263 0.000
34.951 55.263 0.000
34.974 55.263 0.000
34.996 55.263 0.000
35.018 55.263 0.000
35.040 55.263 0.000
35.063 55.263 0.000
35.085 55.263 0.000
35.107 55.263 0.000
35.129 55.263 0.000
35.151 55.263 0.000
35.174 55.263 0.000
35.196 55.263 0.000
35.218 55.263 0.000
35.240 55.263 0.000
35.263 55.263 0.000
35.285 55.263 0.000
35.307 55.263 0.000
35.329 55.263 0.000
35.351 55.263 0.000
35.374 55.263 0.000
35.396 55.263 0.000
35.418 55.263 0.000
35.440 55.263 0.000
35.463 55.263 0.000
35.485 55.263 0.000
35.507 55.263 0.000
35.529 55.263 0.000
35.551 55.263 0.000
35.574 55.263 0.000
35.596 55.263 0.000
35.618 55.263 0.000
35.640 55.263 0.000
35.663 55.263 0.000
35.685 55.263 0.000
35.707 55.263 0.000
35.729 55.263 0.000
35.751 55.263 0.000
35.774 55.263 0.000
35.796 55.263 0.000
35.818 55.263 0.000
35.840 55.263 0.000
35.863 55.263 0.000
35.885 55.263 0.000
35.907 55.263 0.000
35.929 55.263 0.000
35.951 55.263 0.000
35.974 55.263 0.000
35.996 55.263 0.000
36.018 55.263 0.000
36.040 55.263 0.000
36.063 55.263 0.000
36.085 55.263 0.000
36.107 55.263 0.000
36.129 55.263 0.000
36.151 55.263 0.000
36.174 55.263 0.000
36.196 55.263 0.000
36.218 55.263 0.000
36.240 55.263 0.000
36.263 55.263 0.000
36.285 55.263 0.000
36.307 55.263 0.000
36.329 55.263 0.000
36.351 55.263 0.000
36.374 55.263 0.000
36.396 55.263 0.000
36.418 55.263 0.000
36.440 55.263 0.000
36.463 55.263 0.000
36.485 55.263 0.000
36.507 55.263 0.000
36.529 55.263 0.000
36.551 55.263 0.000
36.574 55.263 0.000
36.596 55.263 0.000
36.618 55.263 0.000
36.640 55.263 0.000
36.663 55.263 0.000
36.685 55.263 0.000
36.707 55.263 0.000
36.729 55.263 0.000
36.751 55.263 0.000
36.774 55.263 0.000
36.796 55.263 0.000
36.818 55.263 0.000
36.840 55.263 0.000
36.863 55.263 0.000
36.885 55.263 0.000
36.907 55.263 0.000
36.929 55.263 0.000
36.951 55.263 0.000
36.974 55.263 0.000
36.996 55.263 0.000
37.018 55.263 0.000
37.040 55.263 0.000
37.063 55.263 0.000
37.085 55.263 0.000
37.107 55.263 0.000
37.129 55.263 0.000
37.151 55.263 0.000
37.174 55.263 0.000
37.196 55.263 0.000
37.218 55.263 0.000
37.240 55.263 0.000
37.263 55.263 0.000
37.285 55.263 0.000
37.307 55.263 0.000
37.329 55.263 0.000
37.351 55.263 0.000
37.374 55.263 0.000
37.396 55.263 0.000
37.418 55.263 0.000
37.440 55.263 0.000
37.463 55.263 0.000
37.485 55.263 0.000
37.507 55.263 0.000
37.529 55.263 0.000
37.551 55.263 0.000
37.574 55.263 0.000
37.596 55.263 0.000
37.618 55.263 0.000
37.640 55.263 0.000
37.663 55.263 0.000
37.685 55.263 0.000
37.707 55.263 0.000
37.729 55.263 0.000
37.751 55.263 0.000
37.774 55.263 0.000
37.796 55.263 0.000
37.818 55.263 0.000
37.840 55.263 0.000
37.863 55.263 0.000
37.885 55.263 0.000
37.907 55.263 0.000
37.929 55.263 0.000
37.951 55.263 0.000
37.974 55.263 0.000
37.996 55.263 0.000
38.018 55.263 0.000
38.040 55.263 0.000
38.063 55.263 0.000
38.085 55.263 0.000
38.107 55.263 0.000
38.129 55.263 0.000
38.151 55.263 0.000
38.174 55.263 0.000
38.196 55.263 0.000
38.218 55.263 0.000
38.240 55.263 0.000
38.263 55.263 0.000
38.285 55.263 0.000
38.307 55.263 0.000
38.329 55.263 0.000
38.351 55.263 0.000
38.374 55.263 0.000
38.396 55.263 0.000
38.418 55.263 0.000
38.440 55.263 0.000
38.463 55.263 0.000
38.485 55.263 0.000
38.507 55.263 0.000
38.529 55.263 0.000
38.551 55.263 0.000
38.574 55.263 0.000
38.596 55.263 0.000
38.618 55.263 0.000
38.640 55.263 0.000
38.663 55.263 0.000
38.685 55.263 0.000
38.707 55.263 0.000
38.729 55.263 0.000
38.751 55.263 0.000
38.774 55.263 0.000
38.796 55.263 0.000
38.818 55.263 0.000
38.840 55.263 0.000
38.863 55.263 0.000
38.885 55.263 0.000
38.907 55.263 0.000
38.929 55.263 0.000
38.951 55.263 0.000
38.974 55.263 0.000
38.996 55.263 0.000
39.018 55.263 0.000
39.040 55.263 0.000
39.063 55.263 0.000
39.085 55.263 0.000
39.107 55.263 0.000
39.129 55.263 0.000
39.151 55.263 0.000
39.174 55.263 0.000
39.196 55.263 0.000
39.218 55.263 0.000
39.240 55.263 0.000
39.263 55.263 0.000
39.285 55.263 0.000
39.307 55.263 0.000
39.329 55.263 0.000
39.351 55.263 0.000
39.374 55.263 0.000
39.396 55.263 0.000
39.418 55.263 0.000
39.440 55.263 0.000
39.463 55.263 0.000
39.485 55.263 0.000
39.507 55.263 0.000
39.529 55.263 0.000
39.551 55.263 0.000
39.574 55.263 0.000
39.596 55.263 0.000
39.618 55.263 0.000
39.640 55.263 0.000
39.663 55.263 0.000
39.685 55.263 0.000
39.707 55.263 0.000
39.729 55.263 0.000
39.751 55.263 0.000
39.774 55.263 0.000
39.796 55.263 0.000
39.818 55.263 0.000
39.840 55.263 0.000
39.863 55.263 0.000
39.885 55.263 0.000
39.907 55.263 0.000
39.929 55.263 0.000
39.951 55.263 0.000
39.974 55.263 0.000
39.996 55.263 0.000
40.018 55.263 0.000
40.040 55.263 0.000
40.063 55.263 0.000
40.085 55.263 0.000
40.107 55.263 0.000
40.129 55.263 0.000
40.151 55.263 0.000
40.174 55.263 0.000
40.196 55.263 0.000
40.218 55.263 0.000
40.240 55.263 0.000
40.263 55.263 0.000
40.285 55.263 0.000
40.307 55.263 0.000
40.329 55.263 0.000
40.351 55.263 0.000
40.374 55.263 0.000
40.396 55.263 0.000
40.418 55.263 0.000
40.440 55.263 0.000
40.463 55.263 0.000
40.485 55.263 0.000
40.507 55.263 0.000
40.529 55.263 0.000
40.551 55.263 0.000
40.574 55.263 0.000
40.596 55.263 0.000
40.618 55.263 0.000
40.640 55.263 0.000
40.663 55.263 0.000
40.685 55.263 0.000
40.707 55.263 0.000
40.729 55.263 0.000
40.751 55.263 0.000
40.774 55.263 0.000
40.796 55.263 0.000
40.818 55.263 0.000
40.840 55.263 0.000
40.863 55.263 0.000
40.885 55.263 0.000
40.907 55.263 0.000
40.929 55.263 0.000
40.951 55.263 0.000
40.974 55.263 0.000
40.996 55.263 0.000
41.018 55.263 0.000
41.040 55.263 0.000
41.063 55.263 0.000
41.085 55.263 0.000
41.107 55.263 0.000
41.129 55.263 0.000
41.151 55.263 0.000
41.174 55.263 0.000
41.196 55.263 0.000
41.218 55.263 0.000
41.240 55.263 0.000
41.263 55.263 0.000
41.285 55.263 0.000
41.307 55.263 0.000
41.329 55.263 0.000
41.351 55.263 0.000
41.374 55.263 0.000
41.396 55.263 0.000
41.418 55.263 0.000
41.440 55.263 0.000
41.463 55.263 0.000
41.485 55.263 0.000
41.507 55.263 0.000
41.529 55.263 0.000
41.551 55.263 0.000
41.574 55.263 0.000
41.596 55.263 0.000
41.618 55.263 0.000
41.640 55.263 0.000
41.663 55.263 0.000
41.685 55.263 0.000
41.707 55.263 0.000
41.729 55.263 0.000
41.751 55.263 0.000
41.774 55.263 0.000
41.796 55.263 0.000
41.818 55.263 0.000
41.840 55.263 0.000
41.863 55.263 0.000
41.885 55.263 0.000
41.907 55.263 0.000
41.929 55.263 0.000
41.951 55.263 0.000
41.974 55.263 0.000
41.996 55.263 0.000
42.018 55.263 0.000
42.040 55.263 0.000
42.063 55.263 0.000
42.085 55.263 0.000
42.107 55.263 0.000
42.129 55.263 0.000
42.151 55.263 0.000
42.174 55.263 0.000
42.196 55.263 0.000
42.218 55.263 0.000
42.240 55.263 0.000
42.263 55.263 0.000
42.285 55.263 0.000
42.307 55.263 0.000
42.329 55.263 0.000
42.351 55.263 0.000
42.374 55.263 0.000
42.396 55.263 0.000
42.418 55.263 0.000
42.440 55.263 0.000
42.463 55.263 0.000
42.485 55.263 0.000
42.507 55.263 0.000
42.529 55.263 0.000
42.551 55.263 0.000
42.574 55.263 0.000
42.596 55.263 0.000
42.618 55.263 0.000
42.640 55.263 0.000
42.663 55.263 0.000
42.685 55.263 0.000
42.707 55.263 0.000
42.729 55.263 0.000
42.751 55.263 0.000
42.774 55.263 0.000
42.796 55.263 0.000
42.818 55.263 0.000
42.840 55.263 0.000
42.863 55.263 0.000
42.885 55.263 0.000
42.907 55.263 0.000
42.929 55.263 0.000
42.951 55.263 0.000
42.974 55.263 0.000
42.996 55.263 0.000
43.018 55.263 0.000
43.040 55.263 0.000
43.063 55.263 0.000
43.085 55.263 0.000
43.107 55.263 0.000
43.129 55.263 0.000
43.151 55.263 0.000
43.174 55.263 0.000
43.196 55.263 0.000
43.218 55.263 0.000
43.240 55.263 0.000
43.263 55.263 0.000
43.285 55.263 0.000
43.307 55.263 0.000
43.329 55.263 0.000
43.351 55.263 0.000
43.374 55.263 0.000
43.396 55.263 0.000
43.418 55.263 0.000
43.440 55.263 0.000
43.463 55.263 0.000
43.485 55.263 0.000
43.507 55.263 0.000
43.529 55.263 0.000
43.551 55.263 0.000
43.574 55.263 0.000
43.596 55.263 0.000
43.618 55.263 0.000
43.640 55.263 0.000
43.663 55.263 0.000
43.685 55.263 0.000
43.707 55.263 0.000
43.729 55.263 0.000
43.751 55.263 0.000
43.774 55.263 0.000
43.796 55.263 0.000
43.818 55.263 0.000
43.840 55.263 0.000
43.863 55.263 0.000
43.885 55.263 0.000
43.908 55.263 0.000
43.930 55.263 0.000
43.953 55.262 6.234
43.975 55.260 6.166
43.998 55.257 6.097
44.020 55.252 6.028
44.041 55.245 5.959
44.063 55.238 5.891
44.068 55.235 5.891
44.074 55.232 5.891
44.079 55.229 5.891
44.085 55.226 5.891
44.090 55.224 5.891
44.096 55.221 5.891
44.101 55.218 5.891
44.107 55.215 5.891
44.113 55.213 5.891
44.129 55.204 5.891
44.146 55.196 5.891
44.163 55.188 5.891
44.179 55.179 5.891
44.196 55.171 5.891
44.213 55.163 5.891
44.229 55.154 5.891
44.246 55.146 5.891
44.263 55.138 5.891
44.277 55.128 5.860
44.292 55.119 5.830
44.306 55.108 5.800
44.321 55.098 5.769
44.335 55.087 5.739
44.348 55.075 5.709
44.362 55.063 5.678
44.375 55.050 5.648
44.388 55.038 5.498
44.390 55.035 5.498
44.393 55.032 5.498
44.396 55.029 5.498
44.399 55.026 5.498
44.401 55.024 5.498
44.404 55.021 5.498
44.407 55.018 5.498
44.410 55.015 5.498
44.413 55.013 5.498
44.415 55.010 5.498
44.418 55.007 5.498
44.421 55.004 5.498
44.424 55.001 5.498
44.426 54.999 5.498
44.429 54.996 5.498
44.432 54.993 5.498
44.435 54.990 5.498
44.438 54.988 5.498
44.454 54.971 5.498
44.471 54.954 5.498
44.488 54.938 5.498
44.504 54.921 5.498
44.521 54.904 5.498
44.538 54.888 5.498
44.554 54.871 5.498
44.571 54.854 5.498
44.588 54.838 5.498
44.604 54.821 5.498
44.621 54.804 5.498
44.638 54.788 5.498
44.654 54.771 5.498
44.671 54.754 5.498
44.688 54.738 5.498
44.704 54.721 5.498
44.721 54.704 5.498
44.738 54.688 5.498
44.754 54.671 5.498
44.771 54.654 5.498
44.788 54.638 5.498
44.804 54.621 5.498
44.821 54.604 5.498
44.838 54.588 5.498
44.854 54.571 5.498
44.871 54.554 5.498
44.888 54.538 5.498
44.904 54.521 5.498
44.921 54.504 5.498
44.938 54.488 5.498
44.954 54.471 5.498
44.971 54.454 5.498
44.988 54.438 5.498
45.004 54.421 5.498
45.021 54.404 5.498
45.038 54.388 5.498
45.040 54.385 5.498
45.043 54.382 5.498
45.046 54.379 5.498
45.049 54.376 5.498
45.051 54.374 5.498
45.054 54.371 5.498
45.057 54.368 5.498
45.060 54.365 5.498
45.063 54.363 5.498
45.065 54.360 5.498
45.068 54.357 5.498
45.071 54.354 5.498
45.074 54.351 5.498
45.076 54.349 5.498
45.079 54.346 5.498
45.082 54.343 5.498
45.085 54.340 5.498
45.088 54.338 5.498
45.104 54.321 5.498
45.121 54.304 5.498
45.138 54.288 5.498
45.154 54.271 5.498
45.171 54.254 5.498
45.188 54.238 5.498
45.204 54.221 5.498
45.221 54.204 5.498
45.238 54.188 5.498
45.254 54.171 5.498
45.271 54.154 5.498
45.288 54.138 5.498
45.304 54.121 5.498
45.321 54.104 5.498
45.338 54.088 5.498
45.354 54.071 5.498
45.371 54.054 5.498
45.388 54.038 5.498
45.405 54.021 5.498
45.422 54.004 5.527
45.440 53.988 5.579
45.458 53.972 5.631
45.478 53.958 5.683
45.498 53.945 5.735
45.519 53.933 5.787
45.541 53.922 5.839
45.563 53.913 5.891
45.568 53.910 5.891
45.574 53.907 5.891
45.579 53.904 5.891
45.585 53.901 5.891
45.590 53.899 5.891
45.596 53.896 5.891
45.601 53.893 5.891
45.607 53.890 5.891
45.613 53.888 5.891
45.618 53.885 5.891
45.624 53.882 5.891
45.629 53.879 5.891
45.635 53.876 5.891
45.640 53.874 5.891
45.646 53.871 5.891
45.651 53.868 5.891
45.657 53.865 5.891
45.663 53.863 5.891
45.679 53.854 5.891
45.696 53.846 5.891
45.713 53.838 5.891
45.729 53.829 5.891
45.746 53.821 5.891
45.763 53.813 5.891
45.779 53.804 5.891
45.796 53.796 5.891
45.813 53.788 5.891
45.831 53.780 5.891
45.850 53.772 5.891
45.869 53.764 5.891
45.888 53.756 5.910
45.907 53.750 5.984
45.927 53.744 6.059
45.947 53.741 6.134
45.967 53.738 6.208
45.988 53.738 0.000
45.990 53.738 0.000
45.993 53.738 0.000
45.996 53.738 0.000
45.999 53.738 0.000
46.001 53.738 0.000
46.004 53.738 0.000
46.007 53.738 0.000
46.010 53.738 0.000
46.013 53.738 0.000
46.015 53.738 0.000
46.018 53.738 0.000
46.021 53.738 0.000
46.024 53.738 0.000
46.026 53.738 0.000
46.029 53.738 0.000
46.032 53.738 0.000
46.035 53.738 0.000
46.038 53.738 0.000
46.060 53.738 0.000
46.082 53.738 0.000
46.104 53.738 0.000
46.126 53.738 0.000
46.149 53.738 0.000
46.171 53.738 0.000
46.193 53.738 0.000
46.215 53.738 0.000
46.238 53.738 0.000
46.260 53.738 0.000
46.282 53.738 0.000
46.304 53.738 0.000
46.326 53.738 0.000
46.349 53.738 0.000
46.371 53.738 0.000
46.393 53.738 0.000
46.415 53.738 0.000
46.438 53.738 0.000
46.460 53.738 0.000
46.482 53.738 0.000
46.504 53.738 0.000
46.526 53.738 0.000
46.549 53.738 0.000
46.571 53.738 0.000
46.593 53.738 0.000
46.615 53.738 0.000
46.638 53.738 0.000
46.660 53.738 0.000
46.682 53.738 0.000
46.704 53.738 0.000
46.726 53.738 0.000
46.749 53.738 0.000
46.771 53.738 0.000
46.793 53.738 0.000
46.815 53.738 0.000
46.838 53.738 0.000
46.860 53.738 0.000
46.882 53.738 0.000
46.904 53.738 0.000
46.926 53.738 0.000
46.949 53.738 0.000
46.971 53.738 0.000
46.993 53.738 0.000
47.015 53.738 0.000
47.038 53.738 0.000
47.060 53.738 0.000
47.082 53.738 0.000
47.104 53.738 0.000
47.126 53.738 0.000
47.149 53.738 0.000
47.171 53.738 0.000
47.193 53.738 0.000
47.215 53.738 0.000
47.238 53.738 0.000
47.260 53.738 0.000
47.282 53.738 0.000
47.304 53.738 0.000
47.326 53.738 0.000
47.349 53.738 0.000
47.371 53.738 0.000
47.393 53.738 0.000
47.415 53.738 0.000
47.438 53.738 0.000
47.460 53.738 0.000
47.482 53.738 0.000
47.504 53.738 0.000
47.526 53.738 0.000
47.549 53.738 0.000
47.571 53.738 0.000
47.593 53.738 0.000
47.615 53.738 0.000
47.638 53.738 0.000
47.660 53.738 0.000
47.682 53.738 0.000
47.704 53.738 0.000
47.726 53.738 0.000
47.749 53.738 0.000
47.771 53.738 0.000
47.793 53.738 0.000
47.815 53.738 0.000
47.838 53.738 0.000
47.860 53.738 0.000
47.882 53.738 0.000
47.904 53.738 0.000
47.926 53.738 0.000
47.949 53.738 0.000
47.971 53.738 0.000
47.993 53.738 0.000
48.015 53.738 0.000
