10.637 17.988 0.000
10.660 17.988 0.000
10.683 17.988 0.000
10.705 17.988 0.000
10.728 17.988 0.049
10.750 17.990 0.118
10.773 17.993 0.186
10.795 17.998 0.255
10.816 18.005 0.324
10.838 18.012 0.393
10.843 18.015 0.393
10.849 18.018 0.393
10.854 18.021 0.393
10.860 18.024 0.393
10.865 18.026 0.393
10.871 18.029 0.393
10.876 18.032 0.393
10.882 18.035 0.393
10.887 18.038 0.393
10.904 18.046 0.393
10.921 18.054 0.393
10.938 18.062 0.393
10.954 18.071 0.393
10.971 18.079 0.393
10.987 18.088 0.393
11.004 18.096 0.393
11.021 18.104 0.393
11.037 18.113 0.393
11.054 18.121 0.393
11.071 18.129 0.393
11.088 18.137 0.393
11.104 18.146 0.393
11.121 18.154 0.393
11.137 18.163 0.393
11.154 18.171 0.393
11.171 18.179 0.393
11.188 18.188 0.393
11.202 18.197 0.423
11.217 18.206 0.453
11.232 18.217 0.484
11.246 18.227 0.514
11.260 18.238 0.544
11.273 18.250 0.575
11.287 18.262 0.605
11.300 18.275 0.635
11.312 18.288 0.785
11.315 18.290 0.785
11.318 18.293 0.785
11.321 18.296 0.785
11.324 18.299 0.785
11.326 18.301 0.785
11.329 18.304 0.785
11.332 18.307 0.785
11.335 18.310 0.785
11.338 18.312 0.785
11.340 18.315 0.785
11.343 18.318 0.785
11.346 18.321 0.785
11.349 18.324 0.785
11.351 18.326 0.785
11.354 18.329 0.785
11.357 18.332 0.785
11.360 18.335 0.785
11.363 18.337 0.785
11.379 18.354 0.785
11.396 18.371 0.785
11.413 18.387 0.785
11.429 18.404 0.785
11.446 18.421 0.785
11.463 18.438 0.785
11.479 18.454 0.785
11.496 18.471 0.785
11.512 18.488 0.785
11.529 18.504 0.785
11.546 18.521 0.785
11.562 18.538 0.785
11.579 18.554 0.785
11.596 18.571 0.785
11.612 18.588 0.785
11.629 18.604 0.785
11.646 18.621 0.785
11.662 18.637 0.785
11.679 18.654 0.785
11.696 18.671 0.785
11.713 18.688 0.785
11.729 18.704 0.785
11.746 18.721 0.785
11.762 18.738 0.785
11.779 18.754 0.785
11.796 18.771 0.785
11.812 18.788 0.785
11.829 18.805 0.785
11.846 18.822 0.815
11.863 18.840 0.867
11.878 18.858 0.919
11.892 18.878 0.971
11.905 18.898 1.022
11.917 18.919 1.074
11.928 18.941 1.126
11.938 18.962 1.178
11.940 18.968 1.178
11.943 18.974 1.178
11.946 18.979 1.178
11.949 18.985 1.178
11.951 18.990 1.178
11.954 18.996 1.178
11.957 19.001 1.178
11.960 19.007 1.178
11.963 19.012 1.178
11.971 19.029 1.178
11.979 19.046 1.178
11.988 19.062 1.178
11.996 19.079 1.178
12.004 19.096 1.178
12.013 19.113 1.178
12.021 19.129 1.178
12.029 19.146 1.178
12.037 19.163 1.178
12.045 19.181 1.178
12.053 19.200 1.178
12.061 19.219 1.178
12.069 19.238 1.197
12.075 19.257 1.272
12.081 19.277 1.347
12.085 19.297 1.421
12.087 19.317 1.496
12.088 19.338 1.571
12.088 19.340 1.571
12.088 19.343 1.571
12.088 19.346 1.571
12.088 19.349 1.571
12.088 19.351 1.571
12.088 19.354 1.571
12.088 19.357 1.571
12.088 19.360 1.571
12.088 19.363 1.571
12.088 19.365 1.571
12.088 19.368 1.571
12.088 19.371 1.571
12.088 19.374 1.571
12.088 19.376 1.571
12.088 19.379 1.571
12.088 19.382 1.571
12.088 19.385 1.571
12.088 19.387 1.571
12.088 19.390 1.571
12.088 19.393 1.571
12.088 19.396 1.571
12.088 19.399 1.571
12.088 19.401 1.571
12.088 19.404 1.571
12.088 19.407 1.571
12.088 19.410 1.571
12.088 19.413 1.571
12.088 19.415 1.571
12.088 19.418 1.571
12.088 19.421 1.571
12.088 19.424 1.571
12.088 19.426 1.571
12.088 19.429 1.571
12.088 19.432 1.571
12.088 19.435 1.571
12.088 19.438 1.571
12.088 19.460 1.571
12.088 19.482 1.571
12.088 19.504 1.571
12.088 19.526 1.571
12.088 19.549 1.571
12.088 19.571 1.571
12.088 19.593 1.571
12.088 19.615 1.571
12.088 19.637 1.571
12.088 19.660 1.571
12.088 19.682 1.571
12.088 19.704 1.571
12.088 19.726 1.571
12.088 19.749 1.571
12.088 19.771 1.571
12.088 19.793 1.571
12.088 19.815 1.571
12.088 19.838 1.571
12.088 19.860 1.571
12.088 19.883 1.571
12.088 19.905 1.571
12.087 19.928 1.620
12.085 19.950 1.688
12.082 19.973 1.757
12.077 19.995 1.826
12.070 20.016 1.895
12.062 20.038 1.964
12.053 20.052 1.994
12.044 20.067 2.024
12.033 20.082 2.054
12.023 20.096 2.085
12.012 20.110 2.115
12.000 20.123 2.145
11.988 20.137 2.176
11.975 20.150 2.206
11.963 20.163 2.356
11.946 20.180 2.356
11.928 20.196 2.386
11.910 20.213 2.438
11.892 20.228 2.490
11.872 20.242 2.542
11.852 20.255 2.593
11.831 20.267 2.645
11.809 20.278 2.697
11.787 20.288 2.749
11.771 20.296 2.749
11.754 20.304 2.749
11.737 20.312 2.749
11.721 20.321 2.749
11.704 20.329 2.749
11.688 20.338 2.749
11.671 20.346 2.749
11.654 20.354 2.749
11.637 20.363 2.749
11.632 20.365 2.749
11.626 20.368 2.749
11.621 20.371 2.749
11.615 20.374 2.749
11.610 20.376 2.749
11.604 20.379 2.749
11.599 20.382 2.749
11.593 20.385 2.749
11.588 20.387 2.749
11.582 20.390 2.749
11.576 20.393 2.749
11.571 20.396 2.749
11.565 20.399 2.749
11.560 20.401 2.749
11.554 20.404 2.749
11.549 20.407 2.749
11.543 20.410 2.749
11.537 20.413 2.749
11.523 20.422 2.719
11.508 20.431 2.688
11.493 20.442 2.658
11.479 20.452 2.628
11.465 20.463 2.597
11.452 20.475 2.567
11.438 20.487 2.537
11.425 20.500 2.506
11.412 20.512 2.356
11.396 20.529 2.356
11.379 20.547 2.326
11.362 20.565 2.275
11.347 20.583 2.223
11.333 20.603 2.171
11.320 20.623 2.119
11.308 20.644 2.067
11.297 20.665 2.015
11.287 20.688 1.964
11.285 20.693 1.964
11.282 20.699 1.964
11.279 20.704 1.964
11.276 20.710 1.964
11.274 20.715 1.964
11.271 20.721 1.964
11.268 20.726 1.964
11.265 20.732 1.964
11.262 20.738 1.964
11.255 20.756 1.964
11.247 20.775 1.964
11.239 20.794 1.964
11.231 20.813 1.944
11.225 20.832 1.870
11.219 20.852 1.795
11.215 20.872 1.720
11.213 20.892 1.645
11.213 20.913 1.571
11.213 20.915 1.571
11.213 20.918 1.571
11.213 20.921 1.571
11.213 20.924 1.571
11.213 20.926 1.571
11.213 20.929 1.571
11.213 20.932 1.571
11.213 20.935 1.571
11.213 20.938 1.571
11.213 20.940 1.571
11.213 20.943 1.571
11.213 20.946 1.571
11.213 20.949 1.571
11.213 20.951 1.571
11.213 20.954 1.571
11.213 20.957 1.571
11.213 20.960 1.571
11.213 20.963 1.571
11.213 20.965 1.571
11.213 20.968 1.571
11.213 20.971 1.571
11.213 20.974 1.571
11.213 20.976 1.571
11.213 20.979 1.571
11.213 20.982 1.571
11.213 20.985 1.571
11.213 20.988 1.571
11.213 21.010 1.571
11.213 21.033 1.571
11.213 21.055 1.571
11.213 21.078 1.522
11.215 21.100 1.453
11.218 21.123 1.384
11.223 21.145 1.316
11.230 21.166 1.247
11.238 21.188 1.178
11.246 21.204 1.178
11.254 21.221 1.178
11.263 21.238 1.178
11.271 21.254 1.178
11.279 21.271 1.178
11.288 21.288 1.178
11.296 21.304 1.178
11.304 21.321 1.178
11.312 21.338 1.178
11.321 21.354 1.178
11.329 21.371 1.178
11.338 21.388 1.178
11.346 21.404 1.178
11.354 21.421 1.178
11.363 21.438 1.178
11.371 21.454 1.178
11.379 21.471 1.178
11.387 21.488 1.178
11.396 21.504 1.178
11.404 21.521 1.178
11.412 21.538 1.178
11.421 21.554 1.178
11.429 21.571 1.178
11.438 21.588 1.178
11.446 21.604 1.178
11.454 21.621 1.178
11.463 21.637 1.178
11.465 21.643 1.178
11.468 21.649 1.178
11.471 21.654 1.178
11.474 21.660 1.178
11.476 21.665 1.178
11.479 21.671 1.178
11.482 21.676 1.178
11.485 21.682 1.178
11.488 21.688 1.178
11.497 21.702 1.148
11.506 21.717 1.117
11.517 21.732 1.087
11.527 21.746 1.057
11.538 21.760 1.027
11.550 21.773 0.996
11.562 21.787 0.966
11.575 21.800 0.936
11.588 21.812 0.785
11.590 21.815 0.785
11.593 21.818 0.785
11.596 21.821 0.785
11.599 21.824 0.785
11.601 21.826 0.785
11.604 21.829 0.785
11.607 21.832 0.785
11.610 21.835 0.785
11.613 21.838 0.785
11.629 21.854 0.785
11.646 21.871 0.785
11.663 21.888 0.785
11.679 21.904 0.785
11.696 21.921 0.785
11.713 21.938 0.785
11.729 21.954 0.785
11.746 21.971 0.785
11.762 21.988 0.785
11.779 22.004 0.785
11.796 22.021 0.785
11.812 22.038 0.785
11.829 22.054 0.785
11.846 22.071 0.785
11.862 22.088 0.785
11.879 22.104 0.785
11.896 22.121 0.785
11.912 22.137 0.785
11.929 22.154 0.785
11.947 22.171 0.756
11.965 22.188 0.704
11.983 22.203 0.652
12.003 22.217 0.600
12.023 22.230 0.548
12.044 22.242 0.496
12.066 22.253 0.445
12.088 22.262 0.393
12.093 22.265 0.393
12.099 22.268 0.393
12.104 22.271 0.393
12.110 22.274 0.393
12.115 22.276 0.393
12.121 22.279 0.393
12.126 22.282 0.393
12.132 22.285 0.393
12.137 22.288 0.393
12.156 22.295 0.393
12.175 22.303 0.393
12.194 22.311 0.393
12.213 22.319 0.374
12.232 22.325 0.299
12.252 22.331 0.224
12.272 22.335 0.149
12.292 22.337 0.075
12.312 22.338 0.000
12.315 22.338 0.000
12.318 22.338 0.000
12.321 22.338 0.000
12.324 22.338 0.000
12.326 22.338 0.000
12.329 22.338 0.000
12.332 22.338 0.000
12.335 22.338 0.000
12.338 22.338 0.000
12.340 22.338 0.000
12.343 22.338 0.000
12.346 22.338 0.000
12.349 22.338 0.000
12.351 22.338 0.000
12.354 22.338 0.000
12.357 22.338 0.000
12.360 22.338 0.000
12.363 22.338 0.000
12.385 22.338 0.000
12.408 22.338 0.000
12.430 22.338 0.000
12.453 22.338 0.049
12.475 22.340 0.118
12.498 22.343 0.186
12.520 22.348 0.255
12.541 22.355 0.324
12.562 22.363 0.393
12.581 22.370 0.393
12.600 22.378 0.393
12.619 22.386 0.393
12.638 22.394 0.374
12.657 22.400 0.299
12.677 22.406 0.224
12.697 22.410 0.149
12.717 22.412 0.075
12.738 22.413 0.000
12.740 22.413 0.000
12.743 22.413 0.000
12.746 22.413 0.000
12.749 22.413 0.000
12.751 22.413 0.000
12.754 22.413 0.000
12.757 22.413 0.000
12.760 22.413 0.000
12.762 22.413 0.000
12.765 22.413 0.000
12.768 22.413 0.000
12.771 22.413 0.000
12.774 22.413 0.000
12.776 22.413 0.000
12.779 22.413 0.000
12.782 22.413 0.000
12.785 22.413 0.000
12.787 22.413 0.000
12.790 22.413 0.000
12.793 22.413 0.000
12.796 22.413 0.000
12.799 22.413 0.000
12.801 22.413 0.000
12.804 22.413 0.000
12.807 22.413 0.000
12.810 22.413 0.000
12.812 22.413 0.000
12.815 22.413 0.000
12.818 22.413 0.000
12.821 22.413 0.000
12.824 22.413 0.000
12.826 22.413 0.000
12.829 22.413 0.000
12.832 22.413 0.000
12.835 22.413 0.000
12.838 22.413 0.000
12.860 22.413 0.000
12.882 22.413 0.000
12.904 22.413 0.000
12.926 22.413 0.000
12.949 22.413 0.000
12.971 22.413 0.000
12.993 22.413 0.000
13.015 22.413 0.000
13.037 22.413 0.000
13.040 22.413 0.000
13.043 22.413 0.000
13.046 22.413 0.000
13.049 22.413 0.000
13.051 22.413 0.000
13.054 22.413 0.000
13.057 22.413 0.000
13.060 22.413 0.000
13.062 22.413 0.000
13.065 22.413 0.000
13.068 22.413 0.000
13.071 22.413 0.000
13.074 22.413 0.000
13.076 22.413 0.000
13.079 22.413 0.000
13.082 22.413 0.000
13.085 22.413 0.000
13.088 22.413 0.000
13.090 22.413 0.000
13.093 22.413 0.000
13.096 22.413 0.000
13.099 22.413 0.000
13.101 22.413 0.000
13.104 22.413 0.000
13.107 22.413 0.000
13.110 22.413 0.000
13.113 22.413 0.000
13.115 22.413 0.000
13.118 22.413 0.000
13.121 22.413 0.000
13.124 22.413 0.000
13.126 22.413 0.000
13.129 22.413 0.000
13.132 22.413 0.000
13.135 22.413 0.000
13.137 22.413 0.000
13.140 22.413 0.000
13.143 22.413 0.000
13.146 22.413 0.000
13.149 22.413 0.000
13.151 22.413 0.000
13.154 22.413 0.000
13.157 22.413 0.000
13.160 22.413 0.000
13.162 22.413 0.000
13.165 22.413 0.000
13.168 22.413 0.000
13.171 22.413 0.000
13.174 22.413 0.000
13.176 22.413 0.000
13.179 22.413 0.000
13.182 22.413 0.000
13.185 22.413 0.000
13.188 22.413 0.000
13.190 22.413 0.000
13.193 22.413 0.000
13.196 22.413 0.000
13.199 22.413 0.000
13.201 22.413 0.000
13.204 22.413 0.000
13.207 22.413 0.000
13.210 22.413 0.000
13.213 22.413 0.000
13.215 22.413 0.000
13.218 22.413 0.000
13.221 22.413 0.000
13.224 22.413 0.000
13.226 22.413 0.000
13.229 22.413 0.000
13.232 22.413 0.000
13.235 22.413 0.000
13.238 22.413 0.000
13.240 22.413 0.000
13.243 22.413 0.000
13.246 22.413 0.000
13.249 22.413 0.000
13.251 22.413 0.000
13.254 22.413 0.000
13.257 22.413 0.000
13.260 22.413 0.000
13.262 22.413 0.000
13.265 22.413 0.000
13.268 22.413 0.000
13.271 22.413 0.000
13.274 22.413 0.000
13.276 22.413 0.000
13.279 22.413 0.000
13.282 22.413 0.000
13.285 22.413 0.000
13.287 22.413 0.000
13.310 22.413 0.000
13.332 22.413 0.000
13.354 22.413 0.000
13.376 22.413 0.000
13.399 22.413 0.000
13.421 22.413 0.000
13.443 22.413 0.000
13.465 22.413 0.000
13.488 22.413 0.000
13.510 22.413 0.000
13.533 22.413 0.000
13.555 22.413 0.000
13.578 22.413 0.049
13.600 22.415 0.118
13.623 22.418 0.186
13.645 22.423 0.255
13.666 22.430 0.324
13.688 22.438 0.393
13.704 22.446 0.393
13.721 22.454 0.393
13.738 22.462 0.393
13.754 22.471 0.393
13.771 22.479 0.393
13.787 22.488 0.393
13.804 22.496 0.393
13.821 22.504 0.393
13.838 22.512 0.393
13.854 22.521 0.393
13.871 22.529 0.393
13.888 22.537 0.393
13.904 22.546 0.393
13.921 22.554 0.393
13.938 22.562 0.393
13.954 22.571 0.393
13.971 22.579 0.393
13.988 22.588 0.393
14.002 22.597 0.423
14.017 22.606 0.453
14.032 22.617 0.484
14.046 22.627 0.514
14.060 22.638 0.544
14.073 22.650 0.575
14.087 22.662 0.605
14.100 22.675 0.635
14.113 22.688 0.785
14.115 22.690 0.785
14.118 22.693 0.785
14.121 22.696 0.785
14.124 22.699 0.785
14.126 22.701 0.785
14.129 22.704 0.785
14.132 22.707 0.785
14.135 22.710 0.785
14.137 22.713 0.785
14.140 22.715 0.785
14.143 22.718 0.785
14.146 22.721 0.785
14.149 22.724 0.785
14.151 22.726 0.785
14.154 22.729 0.785
14.157 22.732 0.785
14.160 22.735 0.785
14.162 22.738 0.785
14.165 22.740 0.785
14.168 22.743 0.785
14.171 22.746 0.785
14.174 22.749 0.785
14.176 22.751 0.785
14.179 22.754 0.785
14.182 22.757 0.785
14.185 22.760 0.785
14.188 22.762 0.785
14.204 22.779 0.785
14.221 22.796 0.785
14.238 22.812 0.785
14.254 22.829 0.785
14.271 22.846 0.785
14.287 22.863 0.785
14.304 22.879 0.785
14.321 22.896 0.785
14.338 22.913 0.785
14.354 22.929 0.785
14.371 22.946 0.785
14.388 22.963 0.785
14.404 22.979 0.785
14.421 22.996 0.785
14.438 23.013 0.785
14.454 23.029 0.785
14.471 23.046 0.785
14.488 23.062 0.785
14.504 23.079 0.785
14.521 23.096 0.785
14.538 23.113 0.785
14.554 23.129 0.785
14.571 23.146 0.785
14.588 23.163 0.785
14.604 23.179 0.785
14.621 23.196 0.785
14.637 23.213 0.785
14.654 23.230 0.785
14.671 23.247 0.815
14.688 23.265 0.867
14.703 23.283 0.919
14.717 23.303 0.971
14.730 23.323 1.022
14.742 23.344 1.074
14.753 23.366 1.126
14.762 23.387 1.178
14.765 23.393 1.178
14.768 23.399 1.178
14.771 23.404 1.178
14.774 23.410 1.178
14.776 23.415 1.178
14.779 23.421 1.178
14.782 23.426 1.178
14.785 23.432 1.178
14.787 23.438 1.178
14.790 23.443 1.178
14.793 23.449 1.178
14.796 23.454 1.178
14.799 23.460 1.178
14.801 23.465 1.178
14.804 23.471 1.178
14.807 23.476 1.178
14.810 23.482 1.178
14.812 23.488 1.178
14.821 23.504 1.178
14.829 23.521 1.178
14.838 23.538 1.178
14.846 23.554 1.178
14.854 23.571 1.178
14.863 23.588 1.178
14.871 23.604 1.178
14.879 23.621 1.178
14.887 23.637 1.178
14.896 23.654 1.178
14.904 23.671 1.178
14.912 23.688 1.178
14.921 23.704 1.178
14.929 23.721 1.178
14.938 23.738 1.178
14.946 23.754 1.178
14.954 23.771 1.178
14.963 23.788 1.178
14.971 23.804 1.178
14.979 23.821 1.178
14.988 23.838 1.178
14.996 23.854 1.178
15.004 23.871 1.178
15.013 23.888 1.178
15.021 23.904 1.178
15.029 23.921 1.178
15.037 23.938 1.178
15.046 23.954 1.178
15.054 23.971 1.178
15.062 23.988 1.178
15.071 24.004 1.178
15.079 24.021 1.178
15.088 24.038 1.178
15.096 24.054 1.178
15.104 24.071 1.178
15.113 24.088 1.178
15.121 24.104 1.178
15.129 24.121 1.178
15.138 24.138 1.178
15.146 24.154 1.178
15.154 24.171 1.178
15.163 24.188 1.178
15.171 24.204 1.178
15.179 24.221 1.178
15.188 24.238 1.178
15.196 24.254 1.178
15.204 24.271 1.178
15.213 24.288 1.178
15.221 24.304 1.178
15.229 24.321 1.178
15.238 24.338 1.178
15.246 24.354 1.178
15.254 24.371 1.178
15.262 24.387 1.178
15.271 24.404 1.178
15.279 24.421 1.178
15.287 24.438 1.178
15.296 24.454 1.178
15.304 24.471 1.178
15.312 24.488 1.178
15.321 24.504 1.178
15.329 24.521 1.178
15.338 24.538 1.178
15.346 24.554 1.178
15.354 24.571 1.178
15.363 24.588 1.178
15.371 24.604 1.178
15.379 24.621 1.178
15.388 24.638 1.178
15.396 24.654 1.178
15.404 24.671 1.178
15.412 24.688 1.178
15.421 24.704 1.178
15.429 24.721 1.178
15.438 24.738 1.178
15.446 24.754 1.178
15.454 24.771 1.178
15.463 24.788 1.178
15.471 24.804 1.178
15.479 24.821 1.178
15.488 24.838 1.178
15.496 24.854 1.178
15.504 24.871 1.178
15.513 24.888 1.178
15.521 24.904 1.178
15.529 24.921 1.178
15.538 24.938 1.178
15.546 24.954 1.178
15.554 24.971 1.178
15.562 24.988 1.178
15.565 24.993 1.178
15.568 24.999 1.178
15.571 25.004 1.178
15.574 25.010 1.178
15.576 25.015 1.178
15.579 25.021 1.178
15.582 25.026 1.178
15.585 25.032 1.178
15.588 25.038 1.178
15.596 25.054 1.178
15.604 25.071 1.178
15.613 25.088 1.178
15.621 25.104 1.178
15.629 25.121 1.178
15.638 25.138 1.178
15.646 25.154 1.178
15.654 25.171 1.178
15.662 25.188 1.178
15.671 25.204 1.178
15.679 25.221 1.178
15.688 25.238 1.178
15.696 25.254 1.178
15.704 25.271 1.178
15.713 25.288 1.178
15.721 25.304 1.178
15.729 25.321 1.178
15.738 25.338 1.178
15.746 25.354 1.178
15.754 25.371 1.178
15.763 25.388 1.178
15.771 25.404 1.178
15.779 25.421 1.178
15.788 25.438 1.178
15.796 25.454 1.178
15.804 25.471 1.178
15.812 25.488 1.178
15.821 25.504 1.178
15.829 25.521 1.178
15.838 25.538 1.178
15.846 25.554 1.178
15.854 25.571 1.178
15.863 25.588 1.178
15.871 25.604 1.178
15.879 25.621 1.178
15.887 25.637 1.178
15.896 25.654 1.178
15.904 25.671 1.178
15.912 25.688 1.178
15.921 25.704 1.178
15.929 25.721 1.178
15.938 25.738 1.178
15.946 25.754 1.178
15.954 25.771 1.178
15.963 25.788 1.178
15.971 25.804 1.178
15.979 25.821 1.178
15.988 25.838 1.178
15.996 25.854 1.178
16.004 25.871 1.178
16.012 25.888 1.178
16.021 25.904 1.178
16.029 25.921 1.178
16.038 25.938 1.178
16.046 25.954 1.178
16.054 25.971 1.178
16.062 25.988 1.178
16.071 26.004 1.178
16.079 26.021 1.178
16.088 26.038 1.178
16.096 26.054 1.178
16.104 26.071 1.178
16.113 26.088 1.178
16.121 26.104 1.178
16.129 26.121 1.178
16.137 26.138 1.178
16.146 26.154 1.178
16.154 26.171 1.178
16.163 26.188 1.178
16.171 26.204 1.178
16.179 26.221 1.178
16.188 26.238 1.178
16.195 26.256 1.178
16.203 26.275 1.178
16.211 26.294 1.178
16.219 26.313 1.197
16.225 26.332 1.272
16.231 26.352 1.347
16.235 26.372 1.421
16.237 26.392 1.496
16.238 26.413 1.571
16.238 26.415 1.571
16.238 26.418 1.571
16.238 26.421 1.571
16.238 26.424 1.571
16.238 26.426 1.571
16.238 26.429 1.571
16.238 26.432 1.571
16.238 26.435 1.571
16.238 26.438 1.571
16.238 26.440 1.571
16.238 26.443 1.571
16.238 26.446 1.571
16.238 26.449 1.571
16.238 26.451 1.571
16.238 26.454 1.571
16.238 26.457 1.571
16.238 26.460 1.571
16.238 26.463 1.571
16.238 26.465 1.571
16.238 26.468 1.571
16.238 26.471 1.571
16.238 26.474 1.571
16.238 26.476 1.571
16.238 26.479 1.571
16.238 26.482 1.571
16.238 26.485 1.571
16.238 26.488 1.571
16.238 26.510 1.571
16.238 26.532 1.571
16.238 26.554 1.571
16.238 26.576 1.571
16.238 26.599 1.571
16.238 26.621 1.571
16.238 26.643 1.571
16.238 26.665 1.571
16.238 26.688 1.571
16.238 26.710 1.571
16.238 26.732 1.571
16.238 26.754 1.571
16.238 26.776 1.571
16.238 26.799 1.571
16.238 26.821 1.571
16.238 26.843 1.571
16.238 26.865 1.571
16.238 26.887 1.571
16.238 26.910 1.571
16.238 26.932 1.571
16.238 26.954 1.571
16.238 26.976 1.571
16.238 26.999 1.571
16.238 27.021 1.571
16.238 27.043 1.571
16.238 27.065 1.571
16.238 27.088 1.571
16.238 27.110 1.571
16.238 27.132 1.571
16.238 27.154 1.571
16.238 27.176 1.571
16.238 27.199 1.571
16.238 27.221 1.571
16.238 27.243 1.571
16.238 27.265 1.571
16.238 27.288 1.571
16.238 27.310 1.571
16.238 27.332 1.571
16.238 27.354 1.571
16.238 27.376 1.571
16.238 27.399 1.571
16.238 27.421 1.571
16.238 27.443 1.571
16.238 27.465 1.571
16.238 27.488 1.571
16.238 27.510 1.571
16.238 27.532 1.571
16.238 27.554 1.571
16.238 27.576 1.571
16.238 27.599 1.571
16.238 27.621 1.571
16.238 27.643 1.571
16.238 27.665 1.571
16.238 27.688 1.571
16.238 27.710 1.571
16.238 27.732 1.571
16.238 27.754 1.571
16.238 27.776 1.571
16.238 27.799 1.571
16.238 27.821 1.571
16.238 27.843 1.571
16.238 27.865 1.571
16.238 27.887 1.571
16.238 27.910 1.571
16.238 27.932 1.571
16.238 27.954 1.571
16.238 27.976 1.571
16.238 27.999 1.571
16.238 28.021 1.571
16.238 28.043 1.571
16.238 28.065 1.571
16.238 28.088 1.571
16.238 28.110 1.571
16.238 28.132 1.571
16.238 28.154 1.571
16.238 28.176 1.571
16.238 28.199 1.571
16.238 28.221 1.571
16.238 28.243 1.571
16.238 28.265 1.571
16.238 28.288 1.571
16.238 28.310 1.571
16.238 28.333 1.571
16.238 28.355 1.571
16.238 28.378 1.522
16.240 28.400 1.453
16.243 28.423 1.384
16.248 28.445 1.316
16.255 28.466 1.247
16.262 28.488 1.178
16.265 28.493 1.178
16.268 28.499 1.178
16.271 28.504 1.178
16.274 28.510 1.178
16.276 28.515 1.178
16.279 28.521 1.178
16.282 28.526 1.178
16.285 28.532 1.178
16.288 28.538 1.178
16.296 28.554 1.178
16.304 28.571 1.178
16.312 28.588 1.178
16.321 28.604 1.178
16.329 28.621 1.178
16.338 28.638 1.178
16.346 28.654 1.178
16.354 28.671 1.178
16.363 28.688 1.178
16.371 28.704 1.178
16.379 28.721 1.178
16.387 28.738 1.178
16.396 28.754 1.178
16.404 28.771 1.178
16.413 28.788 1.178
16.421 28.804 1.178
16.429 28.821 1.178
16.438 28.838 1.178
16.446 28.854 1.178
16.454 28.871 1.178
16.462 28.888 1.178
16.471 28.904 1.178
16.479 28.921 1.178
16.488 28.938 1.178
16.496 28.954 1.178
16.504 28.971 1.178
16.512 28.988 1.178
16.521 29.004 1.178
16.529 29.021 1.178
16.537 29.038 1.178
16.546 29.054 1.178
16.554 29.071 1.178
16.562 29.088 1.178
16.571 29.104 1.178
16.579 29.121 1.178
16.587 29.137 1.178
16.596 29.154 1.178
16.604 29.171 1.178
16.612 29.188 1.178
16.621 29.204 1.178
16.629 29.221 1.178
16.637 29.238 1.178
16.646 29.254 1.178
16.654 29.271 1.178
16.663 29.288 1.178
16.671 29.304 1.178
16.679 29.321 1.178
16.688 29.338 1.178
16.696 29.354 1.178
16.704 29.371 1.178
16.713 29.388 1.178
16.721 29.404 1.178
16.729 29.421 1.178
16.738 29.438 1.178
16.746 29.454 1.178
16.754 29.471 1.178
16.762 29.488 1.178
16.771 29.504 1.178
16.779 29.521 1.178
16.788 29.538 1.178
16.796 29.554 1.178
16.804 29.571 1.178
16.812 29.588 1.178
16.821 29.604 1.178
16.829 29.621 1.178
16.837 29.638 1.178
16.846 29.654 1.178
16.854 29.671 1.178
16.863 29.688 1.178
16.871 29.704 1.178
16.879 29.721 1.178
16.887 29.738 1.178
16.896 29.754 1.178
16.904 29.771 1.178
16.912 29.788 1.178
16.921 29.804 1.178
16.929 29.821 1.178
16.938 29.838 1.178
16.946 29.854 1.178
16.954 29.871 1.178
16.962 29.887 1.178
16.971 29.904 1.178
16.979 29.921 1.178
16.987 29.938 1.178
16.996 29.954 1.178
17.004 29.971 1.178
17.012 29.988 1.178
17.021 30.004 1.178
17.029 30.021 1.178
17.038 30.038 1.178
17.046 30.054 1.178
17.054 30.071 1.178
17.062 30.088 1.178
17.071 30.104 1.178
17.079 30.121 1.178
17.088 30.138 1.178
17.096 30.154 1.178
17.104 30.171 1.178
17.113 30.188 1.178
17.121 30.204 1.178
17.129 30.221 1.178
17.137 30.238 1.178
17.146 30.254 1.178
17.154 30.271 1.178
17.163 30.288 1.178
17.171 30.304 1.178
17.179 30.321 1.178
17.188 30.338 1.178
17.196 30.354 1.178
17.204 30.371 1.178
17.212 30.388 1.178
17.221 30.404 1.178
17.229 30.421 1.178
17.238 30.438 1.178
17.246 30.454 1.178
17.254 30.471 1.178
17.262 30.488 1.178
17.271 30.504 1.178
17.279 30.521 1.178
17.287 30.538 1.178
17.296 30.554 1.178
17.304 30.571 1.178
17.312 30.588 1.178
17.321 30.604 1.178
17.329 30.621 1.178
17.337 30.637 1.178
17.346 30.654 1.178
17.354 30.671 1.178
17.362 30.688 1.178
17.371 30.704 1.178
17.379 30.721 1.178
17.387 30.738 1.178
17.396 30.754 1.178
17.404 30.771 1.178
17.413 30.788 1.178
17.420 30.806 1.178
17.428 30.825 1.178
17.436 30.844 1.178
17.444 30.863 1.197
17.450 30.882 1.272
17.456 30.902 1.347
17.460 30.922 1.421
17.462 30.942 1.496
17.462 30.963 1.571
17.462 30.985 1.571
17.462 31.007 1.571
17.462 31.029 1.571
17.462 31.051 1.571
17.462 31.074 1.571
17.462 31.096 1.571
17.462 31.118 1.571
17.462 31.140 1.571
17.462 31.163 1.571
17.462 31.165 1.571
17.462 31.168 1.571
17.462 31.171 1.571
17.462 31.174 1.571
17.462 31.176 1.571
17.462 31.179 1.571
17.462 31.182 1.571
17.462 31.185 1.571
17.462 31.188 1.571
17.462 31.190 1.571
17.462 31.193 1.571
17.462 31.196 1.571
17.462 31.199 1.571
17.462 31.201 1.571
17.462 31.204 1.571
17.462 31.207 1.571
17.462 31.210 1.571
17.462 31.213 1.571
17.462 31.215 1.571
17.462 31.218 1.571
17.462 31.221 1.571
17.462 31.224 1.571
17.462 31.226 1.571
17.462 31.229 1.571
17.462 31.232 1.571
17.462 31.235 1.571
17.462 31.238 1.571
17.462 31.240 1.571
17.462 31.243 1.571
17.462 31.246 1.571
17.462 31.249 1.571
17.462 31.251 1.571
17.462 31.254 1.571
17.462 31.257 1.571
17.462 31.260 1.571
17.462 31.262 1.571
17.462 31.285 1.571
17.462 31.307 1.571
17.462 31.329 1.571
17.462 31.351 1.571
17.462 31.374 1.571
17.462 31.396 1.571
17.462 31.418 1.571
17.462 31.440 1.571
17.462 31.463 1.571
17.462 31.485 1.571
17.462 31.507 1.571
17.462 31.529 1.571
17.462 31.551 1.571
17.462 31.574 1.571
17.462 31.596 1.571
17.462 31.618 1.571
17.462 31.640 1.571
17.462 31.663 1.571
17.462 31.685 1.571
17.462 31.707 1.571
17.462 31.729 1.571
17.462 31.751 1.571
17.462 31.774 1.571
17.462 31.796 1.571
17.462 31.818 1.571
17.462 31.840 1.571
17.462 31.863 1.571
17.462 31.865 1.571
17.462 31.868 1.571
17.462 31.871 1.571
17.462 31.874 1.571
17.462 31.876 1.571
17.462 31.879 1.571
17.462 31.882 1.571
17.462 31.885 1.571
17.462 31.887 1.571
17.462 31.890 1.571
17.462 31.893 1.571
17.462 31.896 1.571
17.462 31.899 1.571
17.462 31.901 1.571
17.462 31.904 1.571
17.462 31.907 1.571
17.462 31.910 1.571
17.462 31.913 1.571
17.462 31.915 1.571
17.462 31.918 1.571
17.462 31.921 1.571
17.462 31.924 1.571
17.462 31.926 1.571
17.462 31.929 1.571
17.462 31.932 1.571
17.462 31.935 1.571
17.462 31.938 1.571
17.462 31.940 1.571
17.462 31.943 1.571
17.462 31.946 1.571
17.462 31.949 1.571
17.462 31.951 1.571
17.462 31.954 1.571
17.462 31.957 1.571
17.462 31.960 1.571
17.462 31.963 1.571
17.462 31.965 1.571
17.462 31.968 1.571
17.462 31.971 1.571
17.462 31.974 1.571
17.462 31.976 1.571
17.462 31.979 1.571
17.462 31.982 1.571
17.462 31.985 1.571
17.462 31.988 1.571
17.462 31.990 1.571
17.462 31.993 1.571
17.462 31.996 1.571
17.462 31.999 1.571
17.462 32.001 1.571
17.462 32.004 1.571
17.462 32.007 1.571
17.462 32.010 1.571
17.462 32.013 1.571
17.462 32.015 1.571
17.462 32.018 1.571
17.462 32.021 1.571
17.462 32.024 1.571
17.462 32.026 1.571
17.462 32.029 1.571
17.462 32.032 1.571
17.462 32.035 1.571
17.462 32.038 1.571
17.462 32.060 1.571
17.462 32.082 1.571
17.462 32.104 1.571
17.462 32.126 1.571
17.462 32.149 1.571
17.462 32.171 1.571
17.462 32.193 1.571
17.462 32.215 1.571
17.462 32.238 1.571
17.462 32.240 1.571
17.462 32.243 1.571
17.462 32.246 1.571
17.462 32.249 1.571
17.462 32.251 1.571
17.462 32.254 1.571
17.462 32.257 1.571
17.462 32.260 1.571
17.462 32.263 1.571
17.462 32.285 1.571
17.462 32.308 1.571
17.462 32.330 1.571
17.463 32.353 1.522
17.465 32.375 1.453
17.468 32.398 1.384
17.473 32.420 1.316
17.480 32.441 1.247
17.488 32.463 1.178
17.485 32.457 1.178
17.482 32.451 1.178
17.479 32.446 1.178
17.476 32.440 1.178
17.474 32.435 1.178
17.471 32.429 1.178
17.468 32.424 1.178
17.465 32.418 1.178
17.462 32.413 1.178
17.470 32.431 1.178
17.478 32.450 1.178
17.486 32.469 1.178
17.494 32.488 1.197
17.500 32.507 1.272
17.506 32.527 1.347
17.509 32.547 1.421
17.512 32.567 1.496
17.512 32.588 1.571
17.512 32.590 1.571
17.512 32.593 1.571
17.512 32.596 1.571
17.512 32.599 1.571
17.512 32.601 1.571
17.512 32.604 1.571
17.512 32.607 1.571
17.512 32.610 1.571
17.512 32.613 1.571
17.512 32.615 1.571
17.512 32.618 1.571
17.512 32.621 1.571
17.512 32.624 1.571
17.512 32.626 1.571
17.512 32.629 1.571
17.512 32.632 1.571
17.512 32.635 1.571
17.512 32.638 1.571
17.512 32.640 1.571
17.512 32.643 1.571
17.512 32.646 1.571
17.512 32.649 1.571
17.512 32.651 1.571
17.512 32.654 1.571
17.512 32.657 1.571
17.512 32.660 1.571
17.512 32.663 1.571
17.512 32.665 1.571
17.512 32.668 1.571
17.512 32.671 1.571
17.512 32.674 1.571
17.512 32.676 1.571
17.512 32.679 1.571
17.512 32.682 1.571
17.512 32.685 1.571
17.512 32.688 1.571
17.512 32.690 1.571
17.512 32.693 1.571
17.512 32.696 1.571
17.512 32.699 1.571
17.512 32.701 1.571
17.512 32.704 1.571
17.512 32.707 1.571
17.512 32.710 1.571
17.512 32.713 1.571
17.512 32.735 1.571
17.512 32.757 1.571
17.512 32.779 1.571
17.512 32.801 1.571
17.512 32.824 1.571
17.512 32.846 1.571
17.512 32.868 1.571
17.512 32.890 1.571
17.512 32.913 1.571
17.512 32.935 1.571
17.512 32.957 1.571
17.512 32.979 1.571
17.512 33.001 1.571
17.512 33.024 1.571
17.512 33.046 1.571
17.512 33.068 1.571
17.512 33.090 1.571
17.512 33.113 1.571
17.512 33.135 1.571
17.512 33.157 1.571
17.512 33.179 1.571
17.512 33.201 1.571
17.512 33.224 1.571
17.512 33.246 1.571
17.512 33.268 1.571
17.512 33.290 1.571
17.512 33.313 1.571
17.512 33.335 1.571
17.512 33.357 1.571
17.512 33.379 1.571
17.512 33.401 1.571
17.512 33.424 1.571
17.512 33.446 1.571
17.512 33.468 1.571
17.512 33.490 1.571
17.512 33.513 1.571
17.512 33.535 1.571
17.512 33.557 1.571
17.512 33.579 1.571
17.512 33.601 1.571
17.512 33.624 1.571
17.512 33.646 1.571
17.512 33.668 1.571
17.512 33.690 1.571
17.512 33.713 1.571
17.512 33.735 1.571
17.512 33.757 1.571
17.512 33.779 1.571
17.512 33.801 1.571
17.512 33.824 1.571
17.512 33.846 1.571
17.512 33.868 1.571
17.512 33.890 1.571
17.512 33.913 1.571
17.512 33.935 1.571
17.512 33.957 1.571
17.512 33.979 1.571
17.512 34.001 1.571
17.512 34.024 1.571
17.512 34.046 1.571
17.512 34.068 1.571
17.512 34.090 1.571
17.512 34.113 1.571
17.512 34.135 1.571
17.512 34.157 1.571
17.512 34.179 1.571
17.512 34.201 1.571
17.512 34.224 1.571
17.512 34.246 1.571
17.512 34.268 1.571
17.512 34.290 1.571
17.512 34.313 1.571
17.512 34.335 1.571
17.512 34.357 1.571
17.512 34.379 1.571
17.512 34.401 1.571
17.512 34.424 1.571
17.512 34.446 1.571
17.512 34.468 1.571
17.512 34.490 1.571
17.512 34.513 1.571
17.512 34.535 1.571
17.512 34.557 1.571
17.512 34.579 1.571
17.512 34.601 1.571
17.512 34.624 1.571
17.512 34.646 1.571
17.512 34.668 1.571
17.512 34.690 1.571
17.512 34.713 1.571
17.512 34.735 1.571
17.512 34.757 1.571
17.512 34.779 1.571
17.512 34.801 1.571
17.512 34.824 1.571
17.512 34.846 1.571
17.512 34.868 1.571
17.512 34.890 1.571
17.512 34.913 1.571
17.512 34.935 1.571
17.512 34.957 1.571
17.512 34.979 1.571
17.512 35.001 1.571
17.512 35.024 1.571
17.512 35.046 1.571
17.512 35.068 1.571
17.512 35.090 1.571
17.512 35.113 1.571
17.512 35.135 1.571
17.512 35.157 1.571
17.512 35.179 1.571
17.512 35.201 1.571
17.512 35.224 1.571
17.512 35.246 1.571
17.512 35.268 1.571
17.512 35.290 1.571
17.512 35.313 1.571
17.512 35.315 1.571
17.512 35.318 1.571
17.512 35.321 1.571
17.512 35.324 1.571
17.512 35.326 1.571
17.512 35.329 1.571
17.512 35.332 1.571
17.512 35.335 1.571
17.512 35.338 1.571
17.512 35.340 1.571
17.512 35.343 1.571
17.512 35.346 1.571
17.512 35.349 1.571
17.512 35.351 1.571
17.512 35.354 1.571
17.512 35.357 1.571
17.512 35.360 1.571
17.512 35.363 1.571
17.512 35.365 1.571
17.512 35.368 1.571
17.512 35.371 1.571
17.512 35.374 1.571
17.512 35.376 1.571
17.512 35.379 1.571
17.512 35.382 1.571
17.512 35.385 1.571
17.512 35.388 1.571
17.512 35.390 1.571
17.512 35.393 1.571
17.512 35.396 1.571
17.512 35.399 1.571
17.512 35.401 1.571
17.512 35.404 1.571
17.512 35.407 1.571
17.512 35.410 1.571
17.512 35.413 1.571
17.512 35.415 1.571
17.512 35.418 1.571
17.512 35.421 1.571
17.512 35.424 1.571
17.512 35.426 1.571
17.512 35.429 1.571
17.512 35.432 1.571
17.512 35.435 1.571
17.512 35.438 1.571
17.512 35.440 1.571
17.512 35.443 1.571
17.512 35.446 1.571
17.512 35.449 1.571
17.512 35.451 1.571
17.512 35.454 1.571
17.512 35.457 1.571
17.512 35.460 1.571
17.512 35.463 1.571
17.512 35.465 1.571
17.512 35.468 1.571
17.512 35.471 1.571
17.512 35.474 1.571
17.512 35.476 1.571
17.512 35.479 1.571
17.512 35.482 1.571
17.512 35.485 1.571
17.512 35.488 1.571
17.512 35.510 1.571
17.512 35.533 1.571
17.512 35.555 1.571
17.513 35.578 1.522
17.515 35.600 1.453
17.518 35.623 1.384
17.523 35.645 1.316
17.530 35.666 1.247
17.538 35.688 1.178
17.546 35.704 1.178
17.554 35.721 1.178
17.562 35.738 1.178
17.571 35.754 1.178
17.579 35.771 1.178
17.588 35.788 1.178
17.596 35.804 1.178
17.604 35.821 1.178
17.613 35.838 1.178
17.621 35.854 1.178
17.629 35.871 1.178
17.637 35.888 1.178
17.646 35.904 1.178
17.654 35.921 1.178
17.663 35.938 1.178
17.671 35.954 1.178
17.679 35.971 1.178
17.688 35.988 1.178
17.696 36.004 1.178
17.704 36.021 1.178
17.712 36.038 1.178
17.721 36.054 1.178
17.729 36.071 1.178
17.738 36.088 1.178
17.746 36.104 1.178
17.754 36.121 1.178
17.762 36.138 1.178
17.771 36.154 1.178
17.779 36.171 1.178
17.787 36.188 1.178
17.796 36.204 1.178
17.804 36.221 1.178
17.812 36.238 1.178
17.821 36.254 1.178
17.829 36.271 1.178
17.837 36.288 1.178
17.846 36.304 1.178
17.854 36.321 1.178
17.862 36.337 1.178
17.871 36.354 1.178
17.879 36.371 1.178
17.887 36.388 1.178
17.896 36.404 1.178
17.904 36.421 1.178
17.913 36.438 1.178
17.921 36.454 1.178
17.929 36.471 1.178
17.938 36.488 1.178
17.946 36.504 1.178
17.954 36.521 1.178
17.963 36.538 1.178
17.971 36.554 1.178
17.979 36.571 1.178
17.988 36.588 1.178
17.996 36.604 1.178
18.004 36.621 1.178
18.012 36.638 1.178
18.021 36.654 1.178
18.029 36.671 1.178
18.038 36.688 1.178
18.046 36.704 1.178
18.054 36.721 1.178
18.062 36.738 1.178
18.071 36.754 1.178
18.079 36.771 1.178
18.087 36.788 1.178
18.096 36.804 1.178
18.104 36.821 1.178
18.113 36.838 1.178
18.121 36.854 1.178
18.129 36.871 1.178
18.137 36.888 1.178
18.146 36.904 1.178
18.154 36.921 1.178
18.162 36.938 1.178
18.171 36.954 1.178
18.179 36.971 1.178
18.188 36.988 1.178
18.196 37.004 1.178
18.204 37.021 1.178
18.212 37.038 1.178
18.221 37.054 1.178
18.229 37.071 1.178
18.237 37.087 1.178
18.246 37.104 1.178
18.254 37.121 1.178
18.262 37.138 1.178
18.271 37.154 1.178
18.279 37.171 1.178
18.288 37.188 1.178
18.296 37.204 1.178
18.304 37.221 1.178
18.312 37.238 1.178
18.321 37.254 1.178
18.329 37.271 1.178
18.338 37.288 1.178
18.346 37.304 1.178
18.354 37.321 1.178
18.363 37.338 1.178
18.371 37.354 1.178
18.379 37.371 1.178
18.387 37.388 1.178
18.396 37.404 1.178
18.404 37.421 1.178
18.413 37.438 1.178
18.421 37.454 1.178
18.429 37.471 1.178
18.438 37.488 1.178
18.446 37.504 1.178
18.454 37.521 1.178
18.462 37.538 1.178
18.471 37.554 1.178
18.479 37.571 1.178
18.488 37.588 1.178
18.496 37.604 1.178
18.504 37.621 1.178
18.512 37.638 1.178
18.520 37.656 1.178
18.528 37.675 1.178
18.536 37.694 1.178
18.544 37.713 1.197
18.550 37.732 1.272
18.556 37.752 1.347
18.559 37.772 1.421
18.562 37.792 1.496
18.562 37.813 1.571
18.562 37.815 1.571
18.562 37.818 1.571
18.562 37.821 1.571
18.562 37.824 1.571
18.562 37.826 1.571
18.562 37.829 1.571
18.562 37.832 1.571
18.562 37.835 1.571
18.562 37.838 1.571
18.562 37.860 1.571
18.562 37.882 1.571
18.562 37.904 1.571
18.562 37.926 1.571
18.562 37.949 1.571
18.562 37.971 1.571
18.562 37.993 1.571
18.562 38.015 1.571
18.562 38.038 1.571
18.562 38.060 1.571
18.562 38.082 1.571
18.562 38.104 1.571
18.562 38.126 1.571
18.562 38.149 1.571
18.562 38.171 1.571
18.562 38.193 1.571
18.562 38.215 1.571
18.562 38.238 1.571
18.562 38.260 1.571
18.562 38.282 1.571
18.562 38.304 1.571
18.562 38.326 1.571
18.562 38.349 1.571
18.562 38.371 1.571
18.562 38.393 1.571
18.562 38.415 1.571
18.562 38.438 1.571
18.562 38.460 1.571
18.562 38.482 1.571
18.562 38.504 1.571
18.562 38.526 1.571
18.562 38.549 1.571
18.562 38.571 1.571
18.562 38.593 1.571
18.562 38.615 1.571
18.562 38.638 1.571
18.562 38.660 1.571
18.562 38.682 1.571
18.562 38.704 1.571
18.562 38.726 1.571
18.562 38.749 1.571
18.562 38.771 1.571
18.562 38.793 1.571
18.562 38.815 1.571
18.562 38.838 1.571
18.562 38.860 1.571
18.562 38.882 1.571
18.562 38.904 1.571
18.562 38.926 1.571
18.562 38.949 1.571
18.562 38.971 1.571
18.562 38.993 1.571
18.562 39.015 1.571
18.562 39.038 1.571
18.562 39.060 1.571
18.562 39.082 1.571
18.562 39.104 1.571
18.562 39.126 1.571
18.562 39.149 1.571
18.562 39.171 1.571
18.562 39.193 1.571
18.562 39.215 1.571
18.562 39.238 1.571
18.562 39.260 1.571
18.562 39.282 1.571
18.562 39.304 1.571
18.562 39.326 1.571
18.562 39.349 1.571
18.562 39.371 1.571
18.562 39.393 1.571
18.562 39.415 1.571
18.562 39.438 1.571
18.562 39.460 1.571
18.562 39.482 1.571
18.562 39.504 1.571
18.562 39.526 1.571
18.562 39.549 1.571
18.562 39.571 1.571
18.562 39.593 1.571
18.562 39.615 1.571
18.562 39.638 1.571
18.562 39.660 1.571
18.562 39.682 1.571
18.562 39.704 1.571
18.562 39.726 1.571
18.562 39.749 1.571
18.562 39.771 1.571
18.562 39.793 1.571
18.562 39.815 1.571
18.562 39.838 1.571
18.562 39.860 1.571
18.562 39.882 1.571
18.562 39.904 1.571
18.562 39.926 1.571
18.562 39.949 1.571
18.562 39.971 1.571
18.562 39.993 1.571
18.562 40.015 1.571
18.562 40.038 1.571
18.562 40.060 1.571
18.562 40.082 1.571
18.562 40.104 1.571
18.562 40.126 1.571
18.562 40.149 1.571
18.562 40.171 1.571
18.562 40.193 1.571
18.562 40.215 1.571
18.562 40.238 1.571
18.562 40.260 1.571
18.562 40.282 1.571
18.562 40.304 1.571
18.562 40.326 1.571
18.562 40.349 1.571
18.562 40.371 1.571
18.562 40.393 1.571
18.562 40.415 1.571
18.562 40.438 1.571
18.562 40.460 1.571
18.562 40.482 1.571
18.562 40.504 1.571
18.562 40.526 1.571
18.562 40.549 1.571
18.562 40.571 1.571
18.562 40.593 1.571
18.562 40.615 1.571
18.562 40.638 1.571
18.562 40.660 1.571
18.562 40.682 1.571
18.562 40.704 1.571
18.562 40.726 1.571
18.562 40.749 1.571
18.562 40.771 1.571
18.562 40.793 1.571
18.562 40.815 1.571
18.562 40.838 1.571
18.562 40.860 1.571
18.562 40.882 1.571
18.562 40.904 1.571
18.562 40.926 1.571
18.562 40.949 1.571
18.562 40.971 1.571
18.562 40.993 1.571
18.562 41.015 1.571
18.562 41.038 1.571
18.562 41.060 1.571
18.562 41.082 1.571
18.562 41.104 1.571
18.562 41.126 1.571
18.562 41.149 1.571
18.562 41.171 1.571
18.562 41.193 1.571
18.562 41.215 1.571
18.562 41.238 1.571
18.562 41.260 1.571
18.562 41.283 1.571
18.562 41.305 1.571
18.563 41.328 1.522
18.565 41.350 1.453
18.568 41.373 1.384
18.573 41.395 1.316
18.580 41.416 1.247
18.587 41.438 1.178
18.590 41.443 1.178
18.593 41.449 1.178
18.596 41.454 1.178
18.599 41.460 1.178
18.601 41.465 1.178
18.604 41.471 1.178
18.607 41.476 1.178
18.610 41.482 1.178
18.613 41.488 1.178
18.621 41.504 1.178
18.629 41.521 1.178
18.637 41.538 1.178
18.646 41.554 1.178
18.654 41.571 1.178
18.663 41.588 1.178
18.671 41.604 1.178
18.679 41.621 1.178
18.688 41.638 1.178
18.697 41.652 1.148
18.706 41.667 1.117
18.717 41.681 1.087
18.727 41.696 1.057
18.738 41.710 1.027
18.750 41.723 0.996
18.762 41.737 0.966
18.775 41.750 0.936
18.788 41.763 0.785
18.790 41.765 0.785
18.793 41.768 0.785
18.796 41.771 0.785
18.799 41.774 0.785
18.801 41.776 0.785
18.804 41.779 0.785
18.807 41.782 0.785
18.810 41.785 0.785
18.812 41.788 0.785
18.829 41.804 0.785
18.846 41.821 0.785
18.863 41.838 0.785
18.879 41.854 0.785
18.896 41.871 0.785
18.913 41.888 0.785
18.929 41.904 0.785
18.946 41.921 0.785
18.962 41.938 0.785
18.979 41.954 0.785
18.996 41.971 0.785
19.012 41.988 0.785
19.029 42.004 0.785
19.046 42.021 0.785
19.062 42.038 0.785
19.079 42.054 0.785
19.096 42.071 0.785
19.113 42.088 0.785
19.130 42.105 0.785
19.147 42.121 0.756
19.165 42.138 0.704
19.183 42.153 0.652
19.203 42.167 0.600
19.223 42.180 0.548
19.244 42.192 0.496
19.265 42.203 0.445
19.288 42.213 0.393
19.293 42.215 0.393
19.299 42.218 0.393
19.304 42.221 0.393
19.310 42.224 0.393
19.315 42.226 0.393
19.321 42.229 0.393
19.326 42.232 0.393
19.332 42.235 0.393
19.338 42.238 0.393
19.343 42.240 0.393
19.349 42.243 0.393
19.354 42.246 0.393
19.360 42.249 0.393
19.365 42.251 0.393
19.371 42.254 0.393
19.376 42.257 0.393
19.382 42.260 0.393
19.387 42.263 0.393
19.404 42.271 0.393
19.421 42.279 0.393
19.438 42.288 0.393
19.454 42.296 0.393
19.471 42.304 0.393
19.488 42.312 0.393
19.504 42.321 0.393
19.521 42.329 0.393
19.538 42.338 0.393
19.554 42.346 0.393
19.571 42.354 0.393
19.588 42.363 0.393
19.604 42.371 0.393
19.621 42.379 0.393
19.638 42.388 0.393
19.654 42.396 0.393
19.671 42.404 0.393
19.688 42.413 0.393
19.704 42.421 0.393
19.721 42.429 0.393
19.738 42.438 0.393
19.754 42.446 0.393
19.771 42.454 0.393
19.788 42.463 0.393
19.804 42.471 0.393
19.821 42.479 0.393
19.838 42.488 0.393
19.854 42.496 0.393
19.871 42.504 0.393
19.888 42.513 0.393
19.904 42.521 0.393
19.921 42.529 0.393
19.938 42.538 0.393
19.954 42.546 0.393
19.971 42.554 0.393
19.988 42.563 0.393
20.004 42.571 0.393
20.021 42.579 0.393
20.038 42.588 0.393
20.054 42.596 0.393
20.071 42.604 0.393
20.088 42.613 0.393
20.104 42.621 0.393
20.121 42.629 0.393
20.137 42.638 0.393
20.154 42.646 0.393
20.171 42.654 0.393
20.188 42.663 0.393
20.204 42.671 0.393
20.221 42.679 0.393
20.238 42.688 0.393
20.254 42.696 0.393
20.271 42.704 0.393
20.288 42.713 0.393
20.304 42.721 0.393
20.321 42.729 0.393
20.338 42.738 0.393
20.354 42.746 0.393
20.371 42.754 0.393
20.388 42.763 0.393
20.404 42.771 0.393
20.421 42.779 0.393
20.438 42.788 0.393
20.454 42.796 0.393
20.471 42.804 0.393
20.488 42.813 0.393
20.504 42.821 0.393
20.521 42.829 0.393
20.538 42.838 0.393
20.554 42.846 0.393
20.571 42.854 0.393
20.588 42.863 0.393
20.604 42.871 0.393
20.621 42.879 0.393
20.638 42.888 0.393
20.654 42.896 0.393
20.671 42.904 0.393
20.688 42.913 0.393
20.704 42.921 0.393
20.721 42.929 0.393
20.738 42.938 0.393
20.754 42.946 0.393
20.771 42.954 0.393
20.788 42.963 0.393
20.804 42.971 0.393
20.821 42.979 0.393
20.838 42.988 0.393
20.854 42.996 0.393
20.871 43.004 0.393
20.887 43.013 0.393
20.904 43.021 0.393
20.921 43.029 0.393
20.938 43.038 0.393
20.954 43.046 0.393
20.971 43.054 0.393
20.988 43.062 0.393
21.004 43.071 0.393
21.021 43.079 0.393
21.038 43.088 0.393
21.054 43.096 0.393
21.071 43.104 0.393
21.088 43.113 0.393
21.104 43.121 0.393
21.121 43.129 0.393
21.138 43.138 0.393
21.154 43.146 0.393
21.171 43.154 0.393
21.188 43.163 0.393
21.206 43.170 0.393
21.225 43.178 0.393
21.244 43.186 0.393
21.263 43.194 0.374
21.282 43.200 0.299
21.302 43.206 0.224
21.322 43.210 0.149
21.342 43.212 0.075
21.363 43.213 0.000
21.385 43.213 0.000
21.407 43.213 0.000
21.429 43.213 0.000
21.451 43.213 0.000
21.474 43.213 0.000
21.496 43.213 0.000
21.518 43.213 0.000
21.540 43.213 0.000
21.562 43.213 0.000
21.585 43.213 0.000
21.607 43.213 0.000
21.629 43.213 0.000
21.651 43.213 0.000
21.674 43.213 0.000
21.696 43.213 0.000
21.718 43.213 0.000
21.740 43.213 0.000
21.762 43.213 0.000
21.785 43.213 0.000
21.807 43.213 0.000
21.829 43.213 0.000
21.851 43.213 0.000
21.874 43.213 0.000
21.896 43.213 0.000
21.918 43.213 0.000
21.940 43.213 0.000
21.963 43.213 0.000
21.985 43.213 0.000
22.007 43.213 0.000
22.029 43.213 0.000
22.051 43.213 0.000
22.074 43.213 0.000
22.096 43.213 0.000
22.118 43.213 0.000
22.140 43.213 0.000
22.163 43.213 0.000
22.185 43.213 0.000
22.207 43.213 0.000
22.229 43.213 0.000
22.251 43.213 0.000
22.274 43.213 0.000
22.296 43.213 0.000
22.318 43.213 0.000
22.340 43.213 0.000
22.363 43.213 0.000
22.385 43.213 0.000
22.407 43.213 0.000
22.429 43.213 0.000
22.451 43.213 0.000
22.474 43.213 0.000
22.496 43.213 0.000
22.518 43.213 0.000
22.540 43.213 0.000
22.562 43.213 0.000
22.585 43.213 0.000
22.607 43.213 0.000
22.629 43.213 0.000
22.651 43.213 0.000
22.674 43.213 0.000
22.696 43.213 0.000
22.718 43.213 0.000
22.740 43.213 0.000
22.762 43.213 0.000
22.785 43.213 0.000
22.807 43.213 0.000
22.829 43.213 0.000
22.851 43.213 0.000
22.874 43.213 0.000
22.896 43.213 0.000
22.918 43.213 0.000
22.940 43.213 0.000
22.963 43.213 0.000
22.985 43.213 0.000
23.007 43.213 0.000
23.029 43.213 0.000
23.051 43.213 0.000
23.074 43.213 0.000
23.096 43.213 0.000
23.118 43.213 0.000
23.140 43.213 0.000
23.163 43.213 0.000
23.185 43.213 0.000
23.207 43.213 0.000
23.229 43.213 0.000
23.251 43.213 0.000
23.274 43.213 0.000
23.296 43.213 0.000
23.318 43.213 0.000
23.340 43.213 0.000
23.363 43.213 0.000
23.385 43.213 0.000
23.407 43.213 0.000
23.429 43.213 0.000
23.451 43.213 0.000
23.474 43.213 0.000
23.496 43.213 0.000
23.518 43.213 0.000
23.540 43.213 0.000
23.562 43.213 0.000
23.585 43.213 0.000
23.607 43.213 0.000
23.629 43.213 0.000
23.651 43.213 0.000
23.674 43.213 0.000
23.696 43.213 0.000
23.718 43.213 0.000
23.740 43.213 0.000
23.762 43.213 0.000
23.785 43.213 0.000
23.807 43.213 0.000
23.829 43.213 0.000
23.851 43.213 0.000
23.874 43.213 0.000
23.896 43.213 0.000
23.918 43.213 0.000
23.940 43.213 0.000
23.963 43.213 0.000
23.985 43.213 0.000
24.007 43.213 0.000
24.029 43.213 0.000
24.051 43.213 0.000
24.074 43.213 0.000
24.096 43.213 0.000
24.118 43.213 0.000
24.140 43.213 0.000
24.163 43.213 0.000
24.185 43.213 0.000
24.207 43.213 0.000
24.229 43.213 0.000
24.251 43.213 0.000
24.274 43.213 0.000
24.296 43.213 0.000
24.318 43.213 0.000
24.340 43.213 0.000
24.363 43.213 0.000
24.385 43.213 0.000
24.407 43.213 0.000
24.429 43.213 0.000
24.451 43.213 0.000
24.474 43.213 0.000
24.496 43.213 0.000
24.518 43.213 0.000
24.540 43.213 0.000
24.562 43.213 0.000
24.585 43.213 0.000
24.607 43.213 0.000
24.629 43.213 0.000
24.651 43.213 0.000
24.674 43.213 0.000
24.696 43.213 0.000
24.718 43.213 0.000
24.740 43.213 0.000
24.762 43.213 0.000
24.785 43.213 0.000
24.807 43.213 0.000
24.829 43.213 0.000
24.851 43.213 0.000
24.874 43.213 0.000
24.896 43.213 0.000
24.918 43.213 0.000
24.940 43.213 0.000
24.963 43.213 0.000
24.985 43.213 0.000
25.007 43.213 0.000
25.029 43.213 0.000
25.051 43.213 0.000
25.074 43.213 0.000
25.096 43.213 0.000
25.118 43.213 0.000
25.140 43.213 0.000
25.163 43.213 0.000
25.185 43.213 0.000
25.207 43.213 0.000
25.229 43.213 0.000
25.251 43.213 0.000
25.274 43.213 0.000
25.296 43.213 0.000
25.318 43.213 0.000
25.340 43.213 0.000
25.363 43.213 0.000
25.385 43.213 0.000
25.407 43.213 0.000
25.429 43.213 0.000
25.451 43.213 0.000
25.474 43.213 0.000
25.496 43.213 0.000
25.518 43.213 0.000
25.540 43.213 0.000
25.562 43.213 0.000
25.585 43.213 0.000
25.607 43.213 0.000
25.629 43.213 0.000
25.651 43.213 0.000
25.674 43.213 0.000
25.696 43.213 0.000
25.718 43.213 0.000
25.740 43.213 0.000
25.762 43.213 0.000
25.785 43.213 0.000
25.807 43.213 0.000
25.829 43.213 0.000
25.851 43.213 0.000
25.874 43.213 0.000
25.896 43.213 0.000
25.918 43.213 0.000
25.940 43.213 0.000
25.963 43.213 0.000
25.985 43.213 0.000
26.007 43.213 0.000
26.029 43.213 0.000
26.051 43.213 0.000
26.074 43.213 0.000
26.096 43.213 0.000
26.118 43.213 0.000
26.140 43.213 0.000
26.163 43.213 0.000
26.185 43.213 0.000
26.207 43.213 0.000
26.229 43.213 0.000
26.251 43.213 0.000
26.274 43.213 0.000
26.296 43.213 0.000
26.318 43.213 0.000
26.340 43.213 0.000
26.363 43.213 0.000
26.385 43.213 0.000
26.407 43.213 0.000
26.429 43.213 0.000
26.451 43.213 0.000
26.474 43.213 0.000
26.496 43.213 0.000
26.518 43.213 0.000
26.540 43.213 0.000
26.562 43.213 0.000
26.585 43.213 0.000
26.607 43.213 0.000
26.629 43.213 0.000
26.651 43.213 0.000
26.674 43.213 0.000
26.696 43.213 0.000
26.718 43.213 0.000
26.740 43.213 0.000
26.762 43.213 0.000
26.785 43.213 0.000
26.807 43.213 0.000
26.829 43.213 0.000
26.851 43.213 0.000
26.874 43.213 0.000
26.896 43.213 0.000
26.918 43.213 0.000
26.940 43.213 0.000
26.963 43.213 0.000
26.965 43.213 0.000
26.968 43.213 0.000
26.971 43.213 0.000
26.974 43.213 0.000
26.976 43.213 0.000
26.979 43.213 0.000
26.982 43.213 0.000
26.985 43.213 0.000
26.988 43.213 0.000
26.990 43.213 0.000
26.993 43.213 0.000
26.996 43.213 0.000
26.999 43.213 0.000
27.001 43.213 0.000
27.004 43.213 0.000
27.007 43.213 0.000
27.010 43.213 0.000
27.012 43.213 0.000
27.015 43.213 0.000
27.018 43.213 0.000
27.021 43.213 0.000
27.024 43.213 0.000
27.026 43.213 0.000
27.029 43.213 0.000
27.032 43.213 0.000
27.035 43.213 0.000
27.038 43.213 0.000
27.040 43.213 0.000
27.043 43.213 0.000
27.046 43.213 0.000
27.049 43.213 0.000
27.051 43.213 0.000
27.054 43.213 0.000
27.057 43.213 0.000
27.060 43.213 0.000
27.062 43.213 0.000
27.085 43.213 0.000
27.108 43.213 0.000
27.130 43.213 0.000
27.153 43.212 6.234
27.175 43.210 6.166
27.198 43.207 6.097
27.220 43.202 6.028
27.241 43.195 5.959
27.262 43.188 5.891
27.279 43.179 5.891
27.296 43.171 5.891
27.312 43.163 5.891
27.329 43.154 5.891
27.346 43.146 5.891
27.363 43.138 5.891
27.379 43.129 5.891
27.396 43.121 5.891
27.413 43.113 5.891
27.429 43.104 5.891
27.446 43.096 5.891
27.463 43.088 5.891
27.479 43.079 5.891
27.496 43.071 5.891
27.513 43.063 5.891
27.529 43.054 5.891
27.546 43.046 5.891
27.562 43.038 5.891
27.579 43.029 5.891
27.596 43.021 5.891
27.613 43.013 5.891
27.629 43.004 5.891
27.646 42.996 5.891
27.663 42.988 5.891
27.679 42.979 5.891
27.696 42.971 5.891
27.713 42.963 5.891
27.729 42.954 5.891
27.746 42.946 5.891
27.763 42.938 5.891
27.779 42.929 5.891
27.796 42.921 5.891
27.813 42.913 5.891
27.829 42.904 5.891
27.846 42.896 5.891
27.863 42.888 5.891
27.879 42.879 5.891
27.896 42.871 5.891
27.913 42.863 5.891
27.929 42.854 5.891
27.946 42.846 5.891
27.963 42.838 5.891
27.979 42.829 5.891
27.996 42.821 5.891
28.012 42.813 5.891
28.029 42.804 5.891
28.046 42.796 5.891
28.062 42.788 5.891
28.079 42.779 5.891
28.096 42.771 5.891
28.113 42.763 5.891
28.129 42.754 5.891
28.146 42.746 5.891
28.163 42.738 5.891
28.179 42.729 5.891
28.196 42.721 5.891
28.213 42.713 5.891
28.229 42.704 5.891
28.246 42.696 5.891
28.263 42.688 5.891
28.279 42.679 5.891
28.296 42.671 5.891
28.312 42.663 5.891
28.329 42.654 5.891
28.346 42.646 5.891
28.363 42.638 5.891
28.379 42.629 5.891
28.396 42.621 5.891
28.413 42.613 5.891
28.429 42.604 5.891
28.446 42.596 5.891
28.463 42.588 5.891
28.479 42.579 5.891
28.496 42.571 5.891
28.513 42.563 5.891
28.529 42.554 5.891
28.546 42.546 5.891
28.563 42.538 5.891
28.579 42.529 5.891
28.596 42.521 5.891
28.613 42.513 5.891
28.631 42.505 5.891
28.650 42.497 5.891
28.669 42.489 5.891
28.688 42.481 5.910
28.707 42.475 5.984
28.727 42.469 6.059
28.747 42.466 6.134
28.767 42.463 6.208
28.788 42.463 0.000
28.790 42.463 0.000
28.793 42.463 0.000
28.796 42.463 0.000
28.799 42.463 0.000
28.801 42.463 0.000
28.804 42.463 0.000
28.807 42.463 0.000
28.810 42.463 0.000
28.812 42.463 0.000
28.815 42.463 0.000
28.818 42.463 0.000
28.821 42.463 0.000
28.824 42.463 0.000
28.826 42.463 0.000
28.829 42.463 0.000
28.832 42.463 0.000
28.835 42.463 0.000
28.838 42.463 0.000
28.840 42.463 0.000
28.843 42.463 0.000
28.846 42.463 0.000
28.849 42.463 0.000
28.851 42.463 0.000
28.854 42.463 0.000
28.857 42.463 0.000
28.860 42.463 0.000
28.863 42.463 0.000
28.865 42.463 0.000
28.868 42.463 0.000
28.871 42.463 0.000
28.874 42.463 0.000
28.876 42.463 0.000
28.879 42.463 0.000
28.882 42.463 0.000
28.885 42.463 0.000
28.887 42.463 0.000
28.910 42.463 0.000
28.932 42.463 0.000
28.954 42.463 0.000
28.976 42.463 0.000
28.999 42.463 0.000
29.021 42.463 0.000
29.043 42.463 0.000
29.065 42.463 0.000
29.088 42.463 0.000
29.090 42.463 0.000
29.093 42.463 0.000
29.096 42.463 0.000
29.099 42.463 0.000
29.101 42.463 0.000
29.104 42.463 0.000
29.107 42.463 0.000
29.110 42.463 0.000
29.113 42.463 0.000
29.115 42.463 0.000
29.118 42.463 0.000
29.121 42.463 0.000
29.124 42.463 0.000
29.126 42.463 0.000
29.129 42.463 0.000
29.132 42.463 0.000
29.135 42.463 0.000
29.137 42.463 0.000
29.140 42.463 0.000
29.143 42.463 0.000
29.146 42.463 0.000
29.149 42.463 0.000
29.151 42.463 0.000
29.154 42.463 0.000
29.157 42.463 0.000
29.160 42.463 0.000
29.163 42.463 0.000
29.165 42.463 0.000
29.168 42.463 0.000
29.171 42.463 0.000
29.174 42.463 0.000
29.176 42.463 0.000
29.179 42.463 0.000
29.182 42.463 0.000
29.185 42.463 0.000
29.188 42.463 0.000
29.210 42.463 0.000
29.232 42.463 0.000
29.254 42.463 0.000
29.276 42.463 0.000
29.299 42.463 0.000
29.321 42.463 0.000
29.343 42.463 0.000
29.365 42.463 0.000
29.387 42.463 0.000
29.410 42.463 0.000
29.433 42.463 0.000
29.455 42.463 0.000
29.478 42.463 0.049
29.500 42.465 0.118
29.523 42.468 0.186
29.545 42.473 0.255
29.566 42.480 0.324
29.588 42.488 0.393
29.593 42.490 0.393
29.599 42.493 0.393
29.604 42.496 0.393
29.610 42.499 0.393
29.615 42.501 0.393
29.621 42.504 0.393
29.626 42.507 0.393
29.632 42.510 0.393
29.637 42.513 0.393
29.643 42.515 0.393
29.649 42.518 0.393
29.654 42.521 0.393
29.660 42.524 0.393
29.665 42.526 0.393
29.671 42.529 0.393
29.676 42.532 0.393
29.682 42.535 0.393
29.688 42.538 0.393
29.704 42.546 0.393
29.721 42.554 0.393
29.738 42.563 0.393
29.754 42.571 0.393
29.771 42.579 0.393
29.788 42.588 0.393
29.804 42.596 0.393
29.821 42.604 0.393
29.838 42.613 0.393
29.852 42.622 0.423
29.867 42.631 0.453
29.882 42.642 0.484
29.896 42.652 0.514
29.910 42.663 0.544
29.923 42.675 0.575
29.937 42.687 0.605
29.950 42.700 0.635
29.963 42.713 0.785
29.979 42.729 0.785
29.996 42.746 0.785
30.013 42.763 0.785
30.029 42.779 0.785
30.046 42.796 0.785
30.063 42.813 0.785
30.079 42.829 0.785
30.096 42.846 0.785
30.113 42.863 0.785
30.129 42.879 0.785
30.146 42.896 0.785
30.163 42.913 0.785
30.179 42.929 0.785
30.196 42.946 0.785
30.213 42.963 0.785
30.229 42.979 0.785
30.246 42.996 0.785
30.262 43.013 0.785
30.279 43.030 0.785
30.296 43.047 0.815
30.312 43.065 0.867
30.328 43.083 0.919
30.342 43.103 0.971
30.355 43.123 1.022
30.367 43.144 1.074
30.378 43.166 1.126
30.387 43.188 1.178
30.390 43.193 1.178
30.393 43.199 1.178
30.396 43.204 1.178
30.399 43.210 1.178
30.401 43.215 1.178
30.404 43.221 1.178
30.407 43.226 1.178
30.410 43.232 1.178
30.413 43.238 1.178
30.415 43.243 1.178
30.418 43.249 1.178
30.421 43.254 1.178
30.424 43.260 1.178
30.426 43.265 1.178
30.429 43.271 1.178
30.432 43.276 1.178
30.435 43.282 1.178
30.438 43.288 1.178
30.446 43.304 1.178
30.454 43.321 1.178
30.462 43.338 1.178
30.471 43.354 1.178
30.479 43.371 1.178
30.488 43.388 1.178
30.496 43.404 1.178
30.504 43.421 1.178
30.512 43.438 1.178
30.520 43.456 1.178
30.528 43.475 1.178
30.536 43.494 1.178
30.544 43.513 1.197
30.550 43.532 1.272
30.556 43.552 1.347
30.559 43.572 1.421
30.562 43.592 1.496
30.562 43.613 1.571
30.562 43.615 1.571
30.562 43.618 1.571
30.562 43.621 1.571
30.562 43.624 1.571
30.562 43.626 1.571
30.562 43.629 1.571
30.562 43.632 1.571
30.562 43.635 1.571
30.562 43.638 1.571
30.562 43.640 1.571
30.562 43.643 1.571
30.562 43.646 1.571
30.562 43.649 1.571
30.562 43.651 1.571
30.562 43.654 1.571
30.562 43.657 1.571
30.562 43.660 1.571
30.562 43.663 1.571
30.562 43.665 1.571
30.562 43.668 1.571
30.562 43.671 1.571
30.562 43.674 1.571
30.562 43.676 1.571
30.562 43.679 1.571
30.562 43.682 1.571
30.562 43.685 1.571
30.562 43.688 1.571
30.562 43.690 1.571
30.562 43.693 1.571
30.562 43.696 1.571
30.562 43.699 1.571
30.562 43.701 1.571
30.562 43.704 1.571
30.562 43.707 1.571
30.562 43.710 1.571
30.562 43.713 1.571
30.562 43.735 1.571
30.562 43.757 1.571
30.562 43.779 1.571
30.562 43.801 1.571
30.562 43.824 1.571
30.562 43.846 1.571
30.562 43.868 1.571
30.562 43.890 1.571
30.562 43.913 1.571
30.562 43.935 1.571
30.562 43.957 1.571
30.562 43.979 1.571
30.562 44.001 1.571
30.562 44.024 1.571
30.562 44.046 1.571
30.562 44.068 1.571
30.562 44.090 1.571
30.562 44.113 1.571
30.562 44.135 1.571
30.562 44.157 1.571
30.562 44.179 1.571
30.562 44.201 1.571
30.562 44.224 1.571
30.562 44.246 1.571
30.562 44.268 1.571
30.562 44.290 1.571
30.562 44.313 1.571
30.562 44.335 1.571
30.562 44.357 1.571
30.562 44.379 1.571
30.562 44.401 1.571
30.562 44.424 1.571
30.562 44.446 1.571
30.562 44.468 1.571
30.562 44.490 1.571
30.562 44.513 1.571
30.562 44.535 1.571
30.562 44.557 1.571
30.562 44.579 1.571
30.562 44.601 1.571
30.562 44.624 1.571
30.562 44.646 1.571
30.562 44.668 1.571
30.562 44.690 1.571
30.562 44.713 1.571
30.562 44.735 1.571
30.562 44.757 1.571
30.562 44.779 1.571
30.562 44.801 1.571
30.562 44.824 1.571
30.562 44.846 1.571
30.562 44.868 1.571
30.562 44.890 1.571
30.562 44.913 1.571
30.562 44.935 1.571
30.562 44.957 1.571
30.562 44.979 1.571
30.562 45.001 1.571
30.562 45.024 1.571
30.562 45.046 1.571
30.562 45.068 1.571
30.562 45.090 1.571
30.562 45.113 1.571
30.562 45.135 1.571
30.562 45.157 1.571
30.562 45.179 1.571
30.562 45.201 1.571
30.562 45.224 1.571
30.562 45.246 1.571
30.562 45.268 1.571
30.562 45.290 1.571
30.562 45.313 1.571
30.562 45.335 1.571
30.562 45.358 1.571
30.562 45.380 1.571
30.563 45.403 1.522
30.565 45.425 1.453
30.568 45.448 1.384
30.573 45.470 1.316
30.580 45.491 1.247
30.588 45.513 1.178
30.590 45.518 1.178
30.593 45.524 1.178
30.596 45.529 1.178
30.599 45.535 1.178
30.601 45.540 1.178
30.604 45.546 1.178
30.607 45.551 1.178
30.610 45.557 1.178
30.613 45.563 1.178
30.621 45.579 1.178
30.629 45.596 1.178
30.637 45.613 1.178
30.646 45.629 1.178
30.654 45.646 1.178
30.663 45.663 1.178
30.671 45.679 1.178
30.679 45.696 1.178
30.688 45.713 1.178
30.697 45.727 1.148
30.706 45.742 1.117
30.717 45.757 1.087
30.727 45.771 1.057
30.738 45.785 1.027
30.750 45.798 0.996
30.762 45.812 0.966
30.775 45.825 0.936
30.788 45.838 0.785
30.804 45.854 0.785
30.821 45.871 0.785
30.838 45.888 0.785
30.854 45.904 0.785
30.871 45.921 0.785
30.888 45.938 0.785
30.904 45.954 0.785
30.921 45.971 0.785
30.938 45.988 0.785
30.954 46.004 0.785
30.971 46.021 0.785
30.988 46.038 0.785
31.004 46.054 0.785
31.021 46.071 0.785
31.038 46.088 0.785
31.054 46.104 0.785
31.071 46.121 0.785
31.088 46.138 0.785
31.105 46.155 0.785
31.122 46.171 0.756
31.140 46.188 0.704
31.158 46.203 0.652
31.178 46.217 0.600
31.198 46.230 0.548
31.219 46.242 0.496
31.241 46.253 0.445
31.262 46.263 0.393
31.268 46.265 0.393
31.274 46.268 0.393
31.279 46.271 0.393
31.285 46.274 0.393
31.290 46.276 0.393
31.296 46.279 0.393
31.301 46.282 0.393
31.307 46.285 0.393
31.312 46.288 0.393
31.329 46.296 0.393
31.346 46.304 0.393
31.363 46.313 0.393
31.379 46.321 0.393
31.396 46.329 0.393
31.413 46.338 0.393
31.429 46.346 0.393
31.446 46.354 0.393
31.463 46.363 0.393
31.479 46.371 0.393
31.496 46.379 0.393
31.513 46.388 0.393
31.529 46.396 0.393
31.546 46.404 0.393
31.563 46.413 0.393
31.579 46.421 0.393
31.596 46.429 0.393
31.613 46.438 0.393
31.629 46.446 0.393
31.646 46.454 0.393
31.663 46.463 0.393
31.679 46.471 0.393
31.696 46.479 0.393
31.713 46.488 0.393
31.729 46.496 0.393
31.746 46.504 0.393
31.762 46.513 0.393
31.781 46.520 0.393
31.800 46.528 0.393
31.819 46.536 0.393
31.838 46.544 0.374
31.857 46.550 0.299
31.877 46.556 0.224
31.897 46.559 0.149
31.917 46.562 0.075
31.938 46.563 0.000
31.940 46.563 0.000
31.943 46.563 0.000
31.946 46.563 0.000
31.949 46.563 0.000
31.951 46.563 0.000
31.954 46.563 0.000
31.957 46.563 0.000
31.960 46.563 0.000
31.963 46.563 0.000
31.965 46.563 0.000
31.968 46.563 0.000
31.971 46.563 0.000
31.974 46.563 0.000
31.976 46.563 0.000
31.979 46.563 0.000
31.982 46.563 0.000
31.985 46.563 0.000
31.988 46.563 0.000
32.010 46.563 0.000
32.032 46.563 0.000
32.054 46.563 0.000
32.076 46.563 0.000
32.099 46.563 0.000
32.121 46.563 0.000
32.143 46.563 0.000
32.165 46.563 0.000
32.188 46.563 0.000
32.210 46.563 0.000
32.232 46.563 0.000
32.254 46.563 0.000
32.276 46.563 0.000
32.299 46.563 0.000
32.321 46.563 0.000
32.343 46.563 0.000
32.365 46.563 0.000
32.388 46.563 0.000
32.410 46.563 0.000
32.432 46.563 0.000
32.454 46.563 0.000
32.476 46.563 0.000
32.499 46.563 0.000
32.521 46.563 0.000
32.543 46.563 0.000
32.565 46.563 0.000
32.588 46.563 0.000
32.610 46.563 0.000
32.632 46.563 0.000
32.654 46.563 0.000
32.676 46.563 0.000
32.699 46.563 0.000
32.721 46.563 0.000
32.743 46.563 0.000
32.765 46.563 0.000
32.788 46.563 0.000
32.810 46.563 0.000
32.832 46.563 0.000
32.854 46.563 0.000
32.876 46.563 0.000
32.899 46.563 0.000
32.921 46.563 0.000
32.943 46.563 0.000
32.965 46.563 0.000
32.988 46.563 0.000
33.010 46.563 0.000
33.032 46.563 0.000
33.054 46.563 0.000
33.076 46.563 0.000
33.099 46.563 0.000
33.121 46.563 0.000
33.143 46.563 0.000
33.165 46.563 0.000
33.188 46.563 0.000
33.210 46.563 0.000
33.233 46.563 0.000
33.255 46.563 0.000
33.278 46.563 0.049
33.300 46.565 0.118
33.323 46.568 0.186
33.345 46.573 0.255
33.366 46.580 0.324
33.388 46.588 0.393
33.393 46.590 0.393
33.399 46.593 0.393
33.404 46.596 0.393
33.410 46.599 0.393
33.415 46.601 0.393
33.421 46.604 0.393
33.426 46.607 0.393
33.432 46.610 0.393
33.438 46.613 0.393
33.443 46.615 0.393
33.449 46.618 0.393
33.454 46.621 0.393
33.460 46.624 0.393
33.465 46.626 0.393
33.471 46.629 0.393
33.476 46.632 0.393
33.482 46.635 0.393
33.488 46.638 0.393
33.504 46.646 0.393
33.521 46.654 0.393
33.538 46.663 0.393
33.554 46.671 0.393
33.571 46.679 0.393
33.588 46.688 0.393
33.604 46.696 0.393
33.621 46.704 0.393
33.638 46.713 0.393
33.652 46.722 0.423
33.667 46.731 0.453
33.681 46.742 0.484
33.696 46.752 0.514
33.710 46.763 0.544
33.723 46.775 0.575
33.737 46.787 0.605
33.750 46.800 0.635
33.763 46.813 0.785
33.779 46.829 0.785
33.796 46.846 0.785
33.812 46.863 0.785
33.829 46.879 0.785
33.846 46.896 0.785
33.863 46.913 0.785
33.879 46.929 0.785
33.896 46.946 0.785
33.913 46.963 0.785
33.929 46.979 0.785
33.946 46.996 0.785
33.962 47.013 0.785
33.979 47.029 0.785
33.996 47.046 0.785
34.013 47.063 0.785
34.029 47.079 0.785
34.046 47.096 0.785
34.063 47.113 0.785
34.080 47.130 0.785
34.096 47.147 0.815
34.113 47.165 0.867
34.128 47.183 0.919
34.142 47.203 0.971
34.155 47.223 1.022
34.167 47.244 1.074
34.178 47.266 1.126
34.188 47.288 1.178
34.190 47.293 1.178
34.193 47.299 1.178
34.196 47.304 1.178
34.199 47.310 1.178
34.201 47.315 1.178
34.204 47.321 1.178
34.207 47.326 1.178
34.210 47.332 1.178
34.213 47.338 1.178
34.221 47.354 1.178
34.229 47.371 1.178
34.238 47.388 1.178
34.246 47.404 1.178
34.254 47.421 1.178
34.263 47.438 1.178
34.271 47.454 1.178
34.279 47.471 1.178
34.288 47.488 1.178
34.296 47.504 1.178
34.304 47.521 1.178
34.312 47.538 1.178
34.321 47.554 1.178
34.329 47.571 1.178
34.337 47.588 1.178
34.346 47.604 1.178
34.354 47.621 1.178
34.363 47.638 1.178
34.371 47.654 1.178
34.379 47.671 1.178
34.388 47.688 1.178
34.396 47.704 1.178
34.404 47.721 1.178
34.413 47.738 1.178
34.421 47.754 1.178
34.429 47.771 1.178
34.438 47.788 1.178
34.445 47.806 1.178
34.453 47.825 1.178
34.461 47.844 1.178
34.469 47.863 1.197
34.475 47.882 1.272
34.481 47.902 1.347
34.485 47.922 1.421
34.487 47.942 1.496
34.488 47.963 1.571
34.488 47.965 1.571
34.488 47.968 1.571
34.488 47.971 1.571
34.488 47.974 1.571
34.488 47.976 1.571
34.488 47.979 1.571
34.488 47.982 1.571
34.488 47.985 1.571
34.488 47.988 1.571
34.488 47.990 1.571
34.488 47.993 1.571
34.488 47.996 1.571
34.488 47.999 1.571
34.488 48.001 1.571
34.488 48.004 1.571
34.488 48.007 1.571
34.488 48.010 1.571
34.488 48.013 1.571
34.488 48.015 1.571
34.488 48.018 1.571
34.488 48.021 1.571
34.488 48.024 1.571
34.488 48.026 1.571
34.488 48.029 1.571
34.488 48.032 1.571
34.488 48.035 1.571
34.488 48.038 1.571
34.488 48.040 1.571
34.488 48.043 1.571
34.488 48.046 1.571
34.488 48.049 1.571
34.488 48.051 1.571
34.488 48.054 1.571
34.488 48.057 1.571
34.488 48.060 1.571
34.488 48.063 1.571
34.488 48.065 1.571
34.488 48.068 1.571
34.488 48.071 1.571
34.488 48.074 1.571
34.488 48.076 1.571
34.488 48.079 1.571
34.488 48.082 1.571
34.488 48.085 1.571
34.488 48.088 1.571
34.488 48.090 1.571
34.488 48.093 1.571
34.488 48.096 1.571
34.488 48.099 1.571
34.488 48.101 1.571
34.488 48.104 1.571
34.488 48.107 1.571
34.488 48.110 1.571
34.488 48.113 1.571
34.488 48.135 1.571
34.488 48.157 1.571
34.488 48.179 1.571
34.488 48.201 1.571
34.488 48.224 1.571
34.488 48.246 1.571
34.488 48.268 1.571
34.488 48.290 1.571
34.488 48.313 1.571
34.488 48.335 1.571
34.488 48.357 1.571
34.488 48.379 1.571
34.488 48.401 1.571
34.488 48.424 1.571
34.488 48.446 1.571
34.488 48.468 1.571
34.488 48.490 1.571
34.488 48.513 1.571
34.488 48.535 1.571
34.488 48.557 1.571
34.488 48.579 1.571
34.488 48.601 1.571
34.488 48.624 1.571
34.488 48.646 1.571
34.488 48.668 1.571
34.488 48.690 1.571
34.488 48.713 1.571
34.488 48.735 1.571
34.488 48.757 1.571
34.488 48.779 1.571
34.488 48.801 1.571
34.488 48.824 1.571
34.488 48.846 1.571
34.488 48.868 1.571
34.488 48.890 1.571
34.488 48.913 1.571
34.488 48.935 1.571
34.488 48.957 1.571
34.488 48.979 1.571
34.488 49.001 1.571
34.488 49.024 1.571
34.488 49.046 1.571
34.488 49.068 1.571
34.488 49.090 1.571
34.488 49.113 1.571
34.488 49.135 1.571
34.488 49.157 1.571
34.488 49.179 1.571
34.488 49.201 1.571
34.488 49.224 1.571
34.488 49.246 1.571
34.488 49.268 1.571
34.488 49.290 1.571
34.488 49.313 1.571
34.488 49.335 1.571
34.488 49.357 1.571
34.488 49.379 1.571
34.488 49.401 1.571
34.488 49.424 1.571
34.488 49.446 1.571
34.488 49.468 1.571
34.488 49.490 1.571
34.488 49.513 1.571
34.488 49.535 1.571
34.488 49.557 1.571
34.488 49.579 1.571
34.488 49.601 1.571
34.488 49.624 1.571
34.488 49.646 1.571
34.488 49.668 1.571
34.488 49.690 1.571
34.488 49.713 1.571
34.488 49.735 1.571
34.488 49.757 1.571
34.488 49.779 1.571
34.488 49.801 1.571
34.488 49.824 1.571
34.488 49.846 1.571
34.488 49.868 1.571
34.488 49.890 1.571
34.488 49.913 1.571
34.488 49.935 1.571
34.488 49.957 1.571
34.488 49.979 1.571
34.488 50.001 1.571
34.488 50.024 1.571
34.488 50.046 1.571
34.488 50.068 1.571
34.488 50.090 1.571
34.488 50.113 1.571
34.488 50.135 1.571
34.488 50.158 1.571
34.488 50.180 1.571
34.487 50.203 1.620
34.485 50.225 1.688
34.482 50.248 1.757
34.477 50.270 1.826
34.470 50.291 1.895
34.463 50.313 1.964
34.460 50.318 1.964
34.457 50.324 1.964
34.454 50.329 1.964
34.451 50.335 1.964
34.449 50.340 1.964
34.446 50.346 1.964
34.443 50.351 1.964
34.440 50.357 1.964
34.438 50.363 1.964
34.435 50.368 1.964
34.432 50.374 1.964
34.429 50.379 1.964
34.426 50.385 1.964
34.424 50.390 1.964
34.421 50.396 1.964
34.418 50.401 1.964
34.415 50.407 1.964
34.413 50.413 1.964
34.404 50.429 1.964
34.396 50.446 1.964
34.388 50.463 1.964
34.379 50.479 1.964
34.371 50.496 1.964
34.363 50.513 1.964
34.354 50.529 1.964
34.346 50.546 1.964
34.338 50.563 1.964
34.329 50.579 1.964
34.321 50.596 1.964
34.313 50.613 1.964
34.304 50.629 1.964
34.296 50.646 1.964
34.288 50.663 1.964
34.279 50.679 1.964
34.271 50.696 1.964
34.263 50.713 1.964
34.254 50.729 1.964
34.246 50.746 1.964
34.238 50.763 1.964
34.229 50.779 1.964
34.221 50.796 1.964
34.213 50.813 1.964
34.204 50.829 1.964
34.196 50.846 1.964
34.188 50.863 1.964
34.179 50.879 1.964
34.171 50.896 1.964
34.163 50.913 1.964
34.154 50.929 1.964
34.146 50.946 1.964
34.138 50.963 1.964
34.129 50.979 1.964
34.121 50.996 1.964
34.113 51.013 1.964
34.104 51.029 1.964
34.096 51.046 1.964
34.088 51.062 1.964
34.079 51.079 1.964
34.071 51.096 1.964
34.063 51.113 1.964
34.054 51.129 1.964
34.046 51.146 1.964
34.038 51.163 1.964
34.029 51.179 1.964
34.021 51.196 1.964
34.013 51.213 1.964
34.004 51.229 1.964
33.996 51.246 1.964
33.988 51.263 1.964
33.979 51.279 1.964
33.971 51.296 1.964
33.963 51.313 1.964
33.954 51.329 1.964
33.946 51.346 1.964
33.938 51.363 1.964
33.929 51.379 1.964
33.921 51.396 1.964
33.913 51.413 1.964
33.904 51.429 1.964
33.896 51.446 1.964
33.888 51.463 1.964
33.879 51.479 1.964
33.871 51.496 1.964
33.863 51.513 1.964
33.854 51.529 1.964
33.846 51.546 1.964
33.838 51.563 1.964
33.829 51.579 1.964
33.821 51.596 1.964
33.813 51.613 1.964
33.804 51.629 1.964
33.796 51.646 1.964
33.788 51.663 1.964
33.779 51.679 1.964
33.771 51.696 1.964
33.763 51.713 1.964
33.754 51.729 1.964
33.746 51.746 1.964
33.738 51.763 1.964
33.735 51.768 1.964
33.732 51.774 1.964
33.729 51.779 1.964
33.726 51.785 1.964
33.724 51.790 1.964
33.721 51.796 1.964
33.718 51.801 1.964
33.715 51.807 1.964
33.713 51.813 1.964
33.710 51.818 1.964
33.707 51.824 1.964
33.704 51.829 1.964
33.701 51.835 1.964
33.699 51.840 1.964
33.696 51.846 1.964
33.693 51.851 1.964
33.690 51.857 1.964
33.688 51.863 1.964
33.685 51.868 1.964
33.682 51.874 1.964
33.679 51.879 1.964
33.676 51.885 1.964
33.674 51.890 1.964
33.671 51.896 1.964
33.668 51.901 1.964
33.665 51.907 1.964
33.663 51.913 1.964
33.660 51.918 1.964
33.657 51.924 1.964
33.654 51.929 1.964
33.651 51.935 1.964
33.649 51.940 1.964
33.646 51.946 1.964
33.643 51.951 1.964
33.640 51.957 1.964
33.638 51.963 1.964
33.635 51.968 1.964
33.632 51.974 1.964
33.629 51.979 1.964
33.626 51.985 1.964
33.624 51.990 1.964
33.621 51.996 1.964
33.618 52.001 1.964
33.615 52.007 1.964
33.613 52.013 1.964
33.604 52.029 1.964
33.596 52.046 1.964
33.588 52.062 1.964
33.579 52.079 1.964
33.571 52.096 1.964
33.563 52.113 1.964
33.554 52.129 1.964
33.546 52.146 1.964
33.538 52.163 1.964
33.530 52.181 1.964
33.522 52.200 1.964
33.514 52.219 1.964
33.506 52.238 1.944
33.500 52.257 1.870
33.494 52.277 1.795
33.491 52.297 1.720
33.488 52.317 1.645
33.488 52.338 1.571
33.488 52.340 1.571
33.488 52.343 1.571
33.488 52.346 1.571
33.488 52.349 1.571
33.488 52.351 1.571
33.488 52.354 1.571
33.488 52.357 1.571
33.488 52.360 1.571
33.488 52.363 1.571
33.488 52.365 1.571
33.488 52.368 1.571
33.488 52.371 1.571
33.488 52.374 1.571
33.488 52.376 1.571
33.488 52.379 1.571
33.488 52.382 1.571
33.488 52.385 1.571
33.488 52.388 1.571
33.488 52.390 1.571
33.488 52.393 1.571
33.488 52.396 1.571
33.488 52.399 1.571
33.488 52.401 1.571
33.488 52.404 1.571
33.488 52.407 1.571
33.488 52.410 1.571
33.488 52.413 1.571
33.488 52.415 1.571
33.488 52.418 1.571
33.488 52.421 1.571
33.488 52.424 1.571
33.488 52.426 1.571
33.488 52.429 1.571
33.488 52.432 1.571
33.488 52.435 1.571
33.488 52.438 1.571
33.488 52.440 1.571
33.488 52.443 1.571
33.488 52.446 1.571
33.488 52.449 1.571
33.488 52.451 1.571
33.488 52.454 1.571
33.488 52.457 1.571
33.488 52.460 1.571
33.488 52.463 1.571
33.488 52.485 1.571
33.488 52.507 1.571
33.488 52.529 1.571
33.488 52.551 1.571
33.488 52.574 1.571
33.488 52.596 1.571
33.488 52.618 1.571
33.488 52.640 1.571
33.488 52.663 1.571
33.488 52.685 1.571
33.488 52.707 1.571
33.488 52.729 1.571
33.488 52.751 1.571
33.488 52.774 1.571
33.488 52.796 1.571
33.488 52.818 1.571
33.488 52.840 1.571
33.488 52.863 1.571
33.488 52.885 1.571
33.488 52.907 1.571
33.488 52.929 1.571
33.488 52.951 1.571
33.488 52.974 1.571
33.488 52.996 1.571
33.488 53.018 1.571
33.488 53.040 1.571
33.488 53.063 1.571
33.488 53.085 1.571
33.488 53.107 1.571
33.488 53.129 1.571
33.488 53.151 1.571
33.488 53.174 1.571
33.488 53.196 1.571
33.488 53.218 1.571
33.488 53.240 1.571
33.488 53.263 1.571
33.488 53.285 1.571
33.488 53.307 1.571
33.488 53.329 1.571
33.488 53.351 1.571
33.488 53.374 1.571
33.488 53.396 1.571
33.488 53.418 1.571
33.488 53.440 1.571
33.488 53.463 1.571
33.488 53.485 1.571
33.488 53.507 1.571
33.488 53.529 1.571
33.488 53.551 1.571
33.488 53.574 1.571
33.488 53.596 1.571
33.488 53.618 1.571
33.488 53.640 1.571
33.488 53.663 1.571
33.488 53.685 1.571
33.488 53.707 1.571
33.488 53.729 1.571
33.488 53.751 1.571
33.488 53.774 1.571
33.488 53.796 1.571
33.488 53.818 1.571
33.488 53.840 1.571
33.488 53.863 1.571
33.488 53.885 1.571
33.488 53.907 1.571
33.488 53.929 1.571
33.488 53.951 1.571
33.488 53.974 1.571
33.488 53.996 1.571
33.488 54.018 1.571
33.488 54.040 1.571
33.488 54.063 1.571
33.488 54.085 1.571
33.488 54.107 1.571
33.488 54.129 1.571
33.488 54.151 1.571
33.488 54.174 1.571
33.488 54.196 1.571
33.488 54.218 1.571
33.488 54.240 1.571
33.488 54.263 1.571
33.488 54.285 1.571
33.488 54.308 1.571
33.488 54.330 1.571
33.488 54.353 1.522
33.490 54.375 1.453
33.493 54.398 1.384
33.498 54.420 1.316
33.505 54.441 1.247
33.513 54.463 1.178
33.515 54.468 1.178
33.518 54.474 1.178
33.521 54.479 1.178
33.524 54.485 1.178
33.526 54.490 1.178
33.529 54.496 1.178
33.532 54.501 1.178
33.535 54.507 1.178
33.538 54.513 1.178
33.540 54.518 1.178
33.543 54.524 1.178
33.546 54.529 1.178
33.549 54.535 1.178
33.551 54.540 1.178
33.554 54.546 1.178
33.557 54.551 1.178
33.560 54.557 1.178
33.563 54.563 1.178
33.565 54.568 1.178
33.568 54.574 1.178
33.571 54.579 1.178
33.574 54.585 1.178
33.576 54.590 1.178
33.579 54.596 1.178
33.582 54.601 1.178
33.585 54.607 1.178
33.588 54.613 1.178
33.590 54.618 1.178
33.593 54.624 1.178
33.596 54.629 1.178
33.599 54.635 1.178
33.601 54.640 1.178
33.604 54.646 1.178
33.607 54.651 1.178
33.610 54.657 1.178
33.613 54.663 1.178
33.621 54.679 1.178
33.629 54.696 1.178
33.638 54.713 1.178
33.646 54.729 1.178
33.654 54.746 1.178
33.663 54.763 1.178
33.671 54.779 1.178
33.679 54.796 1.178
33.688 54.813 1.178
33.696 54.829 1.178
33.704 54.846 1.178
33.713 54.863 1.178
33.721 54.879 1.178
33.729 54.896 1.178
33.738 54.913 1.178
33.746 54.929 1.178
33.754 54.946 1.178
33.763 54.963 1.178
33.772 54.977 1.148
33.781 54.992 1.117
33.792 55.007 1.087
33.802 55.021 1.057
33.813 55.035 1.027
33.825 55.048 0.996
33.837 55.062 0.966
33.850 55.075 0.936
33.863 55.088 0.785
33.880 55.105 0.785
33.897 55.121 0.756
33.915 55.138 0.704
33.933 55.153 0.652
33.953 55.167 0.600
33.973 55.180 0.548
33.994 55.192 0.496
34.016 55.203 0.445
34.038 55.213 0.393
34.056 55.220 0.393
34.075 55.228 0.393
34.094 55.236 0.393
34.113 55.244 0.374
34.132 55.250 0.299
34.152 55.256 0.224
34.172 55.260 0.149
34.192 55.262 0.075
34.213 55.263 0.000
34.215 55.263 0.000
34.218 55.263 0.000
34.221 55.263 0.000
34.224 55.263 0.000
34.226 55.263 0.000
34.229 55.263 0.000
34.232 55.263 0.000
34.235 55.263 0.000
34.238 55.263 0.000
34.260 55.263 0.000
34.282 55.263 0.000
34.304 55.263 0.000
34.326 55.263 0.000
34.349 55.263 0.000
34.371 55.263 0.000
34.393 55.263 0.000
34.415 55.263 0.000
34.438 55.263 0.000
34.460 55.263 0.000
34.482 55.263 0.000
34.504 55.263 0.000
34.526 55.263 0.000
34.549 55.263 0.000
34.571 55.263 0.000
34.593 55.263 0.000
34.615 55.263 0.000
34.638 55.263 0.000
34.660 55.263 0.000
34.682 55.263 0.000
34.704 55.263 0.000
34.726 55.263 0.000
34.749 55.263 0.000
34.771 55.263 0.000
34.793 55.263 0.000
34.815 55.263 0.000
34.838 55.263 0.000
34.840 55.263 0.000
34.843 55.263 0.000
34.846 55.263 0.000
34.849 55.263 0.000
34.851 55.263 0.000
34.854 55.263 0.000
34.857 55.263 0.000
34.860 55.263 0.000
34.863 55.263 0.000
34.865 55.263 0.000
34.868 55.263 0.000
34.871 55.263 0.000
34.874 55.263 0.000
34.876 55.263 0.000
34.879 55.263 0.000
34.882 55.263 0.000
34.885 55.263 0.000
34.888 55.263 0.000
34.890 55.263 0.000
34.893 55.263 0.000
34.896 55.263 0.000
34.899 55.263 0.000
34.901 55.263 0.000
34.904 55.263 0.000
34.907 55.263 0.000
34.910 55.263 0.000
34.913 55.263 0.000
34.915 55.263 0.000
34.918 55.263 0.000
34.921 55.263 0.000
34.924 55.263 0.000
34.926 55.263 0.000
34.929 55.263 0.000
34.932 55.263 0.000
34.935 55.263 0.000
34.938 55.263 0.000
34.940 55.263 0.000
34.943 55.263 0.000
34.946 55.263 0.000
34.949 55.263 0.000
34.951 55.263 0.000
34.954 55.263 0.000
34.957 55.263 0.000
34.960 55.263 0.000
34.963 55.263 0.000
34.965 55.263 0.000
34.968 55.263 0.000
34.971 55.263 0.000
34.974 55.263 0.000
34.976 55.263 0.000
34.979 55.263 0.000
34.982 55.263 0.000
34.985 55.263 0.000
34.988 55.263 0.000
34.990 55.263 0.000
34.993 55.263 0.000
34.996 55.263 0.000
34.999 55.263 0.000
35.001 55.263 0.000
35.004 55.263 0.000
35.007 55.263 0.000
35.010 55.263 0.000
35.013 55.263 0.000
35.035 55.263 0.000
35.057 55.263 0.000
35.079 55.263 0.000
35.101 55.263 0.000
35.124 55.263 0.000
35.146 55.263 0.000
35.168 55.263 0.000
35.190 55.263 0.000
35.213 55.263 0.000
35.235 55.263 0.000
35.257 55.263 0.000
35.279 55.263 0.000
35.301 55.263 0.000
35.324 55.263 0.000
35.346 55.263 0.000
35.368 55.263 0.000
35.390 55.263 0.000
35.413 55.263 0.000
35.435 55.263 0.000
35.457 55.263 0.000
35.479 55.263 0.000
35.501 55.263 0.000
35.524 55.263 0.000
35.546 55.263 0.000
35.568 55.263 0.000
35.590 55.263 0.000
35.613 55.263 0.000
35.635 55.263 0.000
35.657 55.263 0.000
35.679 55.263 0.000
35.701 55.263 0.000
35.724 55.263 0.000
35.746 55.263 0.000
35.768 55.263 0.000
35.790 55.263 0.000
35.813 55.263 0.000
35.835 55.263 0.000
35.857 55.263 0.000
35.879 55.263 0.000
35.901 55.263 0.000
35.924 55.263 0.000
35.946 55.263 0.000
35.968 55.263 0.000
35.990 55.263 0.000
36.013 55.263 0.000
36.035 55.263 0.000
36.057 55.263 0.000
36.079 55.263 0.000
36.101 55.263 0.000
36.124 55.263 0.000
36.146 55.263 0.000
36.168 55.263 0.000
36.190 55.263 0.000
36.213 55.263 0.000
36.235 55.263 0.000
36.257 55.263 0.000
36.279 55.263 0.000
36.301 55.263 0.000
36.324 55.263 0.000
36.346 55.263 0.000
36.368 55.263 0.000
36.390 55.263 0.000
36.413 55.263 0.000
36.435 55.263 0.000
36.457 55.263 0.000
36.479 55.263 0.000
36.501 55.263 0.000
36.524 55.263 0.000
36.546 55.263 0.000
36.568 55.263 0.000
36.590 55.263 0.000
36.613 55.263 0.000
36.635 55.263 0.000
36.657 55.263 0.000
36.679 55.263 0.000
36.701 55.263 0.000
36.724 55.263 0.000
36.746 55.263 0.000
36.768 55.263 0.000
36.790 55.263 0.000
36.813 55.263 0.000
36.835 55.263 0.000
36.857 55.263 0.000
36.879 55.263 0.000
36.901 55.263 0.000
36.924 55.263 0.000
36.946 55.263 0.000
36.968 55.263 0.000
36.990 55.263 0.000
37.013 55.263 0.000
37.035 55.263 0.000
37.057 55.263 0.000
37.079 55.263 0.000
37.101 55.263 0.000
37.124 55.263 0.000
37.146 55.263 0.000
37.168 55.263 0.000
37.190 55.263 0.000
37.213 55.263 0.000
37.235 55.263 0.000
37.257 55.263 0.000
37.279 55.263 0.000
37.301 55.263 0.000
37.324 55.263 0.000
37.346 55.263 0.000
37.368 55.263 0.000
37.390 55.263 0.000
37.413 55.263 0.000
37.435 55.263 0.000
37.457 55.263 0.000
37.479 55.263 0.000
37.501 55.263 0.000
37.524 55.263 0.000
37.546 55.263 0.000
37.568 55.263 0.000
37.590 55.263 0.000
37.613 55.263 0.000
37.635 55.263 0.000
37.657 55.263 0.000
37.679 55.263 0.000
37.701 55.263 0.000
37.724 55.263 0.000
37.746 55.263 0.000
37.768 55.263 0.000
37.790 55.263 0.000
37.813 55.263 0.000
37.835 55.263 0.000
37.857 55.263 0.000
37.879 55.263 0.000
37.901 55.263 0.000
37.924 55.263 0.000
37.946 55.263 0.000
37.968 55.263 0.000
37.990 55.263 0.000
38.013 55.263 0.000
38.035 55.263 0.000
38.057 55.263 0.000
38.079 55.263 0.000
38.101 55.263 0.000
38.124 55.263 0.000
38.146 55.263 0.000
38.168 55.263 0.000
38.190 55.263 0.000
38.213 55.263 0.000
38.235 55.263 0.000
38.257 55.263 0.000
38.279 55.263 0.000
38.301 55.263 0.000
38.324 55.263 0.000
38.346 55.263 0.000
38.368 55.263 0.000
38.390 55.263 0.000
38.413 55.263 0.000
38.435 55.263 0.000
38.457 55.263 0.000
38.479 55.263 0.000
38.501 55.263 0.000
38.524 55.263 0.000
38.546 55.263 0.000
38.568 55.263 0.000
38.590 55.263 0.000
38.613 55.263 0.000
38.635 55.263 0.000
38.657 55.263 0.000
38.679 55.263 0.000
38.701 55.263 0.000
38.724 55.263 0.000
38.746 55.263 0.000
38.768 55.263 0.000
38.790 55.263 0.000
38.813 55.263 0.000
38.835 55.263 0.000
38.857 55.263 0.000
38.879 55.263 0.000
38.901 55.263 0.000
38.924 55.263 0.000
38.946 55.263 0.000
38.968 55.263 0.000
38.990 55.263 0.000
39.013 55.263 0.000
39.035 55.263 0.000
39.057 55.263 0.000
39.079 55.263 0.000
39.101 55.263 0.000
39.124 55.263 0.000
39.146 55.263 0.000
39.168 55.263 0.000
39.190 55.263 0.000
39.213 55.263 0.000
39.235 55.263 0.000
39.257 55.263 0.000
39.279 55.263 0.000
39.301 55.263 0.000
39.324 55.263 0.000
39.346 55.263 0.000
39.368 55.263 0.000
39.390 55.263 0.000
39.413 55.263 0.000
39.435 55.263 0.000
39.457 55.263 0.000
39.479 55.263 0.000
39.501 55.263 0.000
39.524 55.263 0.000
39.546 55.263 0.000
39.568 55.263 0.000
39.590 55.263 0.000
39.613 55.263 0.000
39.635 55.263 0.000
39.657 55.263 0.000
39.679 55.263 0.000
39.701 55.263 0.000
39.724 55.263 0.000
39.746 55.263 0.000
39.768 55.263 0.000
39.790 55.263 0.000
39.813 55.263 0.000
39.835 55.263 0.000
39.857 55.263 0.000
39.879 55.263 0.000
39.901 55.263 0.000
39.924 55.263 0.000
39.946 55.263 0.000
39.968 55.263 0.000
39.990 55.263 0.000
40.013 55.263 0.000
40.035 55.263 0.000
40.057 55.263 0.000
40.079 55.263 0.000
40.101 55.263 0.000
40.124 55.263 0.000
40.146 55.263 0.000
40.168 55.263 0.000
40.190 55.263 0.000
40.213 55.263 0.000
40.235 55.263 0.000
40.257 55.263 0.000
40.279 55.263 0.000
40.301 55.263 0.000
40.324 55.263 0.000
40.346 55.263 0.000
40.368 55.263 0.000
40.390 55.263 0.000
40.413 55.263 0.000
40.435 55.263 0.000
40.457 55.263 0.000
40.479 55.263 0.000
40.501 55.263 0.000
40.524 55.263 0.000
40.546 55.263 0.000
40.568 55.263 0.000
40.590 55.263 0.000
40.613 55.263 0.000
40.635 55.263 0.000
40.657 55.263 0.000
40.679 55.263 0.000
40.701 55.263 0.000
40.724 55.263 0.000
40.746 55.263 0.000
40.768 55.263 0.000
40.790 55.263 0.000
40.813 55.263 0.000
40.835 55.263 0.000
40.857 55.263 0.000
40.879 55.263 0.000
40.901 55.263 0.000
40.924 55.263 0.000
40.946 55.263 0.000
40.968 55.263 0.000
40.990 55.263 0.000
41.013 55.263 0.000
41.035 55.263 0.000
41.057 55.263 0.000
41.079 55.263 0.000
41.101 55.263 0.000
41.124 55.263 0.000
41.146 55.263 0.000
41.168 55.263 0.000
41.190 55.263 0.000
41.213 55.263 0.000
41.235 55.263 0.000
41.257 55.263 0.000
41.279 55.263 0.000
41.301 55.263 0.000
41.324 55.263 0.000
41.346 55.263 0.000
41.368 55.263 0.000
41.390 55.263 0.000
41.413 55.263 0.000
41.435 55.263 0.000
41.457 55.263 0.000
41.479 55.263 0.000
41.501 55.263 0.000
41.524 55.263 0.000
41.546 55.263 0.000
41.568 55.263 0.000
41.590 55.263 0.000
41.613 55.263 0.000
41.635 55.263 0.000
41.657 55.263 0.000
41.679 55.263 0.000
41.701 55.263 0.000
41.724 55.263 0.000
41.746 55.263 0.000
41.768 55.263 0.000
41.790 55.263 0.000
41.813 55.263 0.000
41.835 55.263 0.000
41.857 55.263 0.000
41.879 55.263 0.000
41.901 55.263 0.000
41.924 55.263 0.000
41.946 55.263 0.000
41.968 55.263 0.000
41.990 55.263 0.000
42.013 55.263 0.000
42.035 55.263 0.000
42.057 55.263 0.000
42.079 55.263 0.000
42.101 55.263 0.000
42.124 55.263 0.000
42.146 55.263 0.000
42.168 55.263 0.000
42.190 55.263 0.000
42.213 55.263 0.000
42.235 55.263 0.000
42.257 55.263 0.000
42.279 55.263 0.000
42.301 55.263 0.000
42.324 55.263 0.000
42.346 55.263 0.000
42.368 55.263 0.000
42.390 55.263 0.000
42.413 55.263 0.000
42.435 55.263 0.000
42.457 55.263 0.000
42.479 55.263 0.000
42.501 55.263 0.000
42.524 55.263 0.000
42.546 55.263 0.000
42.568 55.263 0.000
42.590 55.263 0.000
42.613 55.263 0.000
42.635 55.263 0.000
42.657 55.263 0.000
42.679 55.263 0.000
42.701 55.263 0.000
42.724 55.263 0.000
42.746 55.263 0.000
42.768 55.263 0.000
42.790 55.263 0.000
42.813 55.263 0.000
42.835 55.263 0.000
42.857 55.263 0.000
42.879 55.263 0.000
42.901 55.263 0.000
42.924 55.263 0.000
42.946 55.263 0.000
42.968 55.263 0.000
42.990 55.263 0.000
43.013 55.263 0.000
43.035 55.263 0.000
43.057 55.263 0.000
43.079 55.263 0.000
43.101 55.263 0.000
43.124 55.263 0.000
43.146 55.263 0.000
43.168 55.263 0.000
43.190 55.263 0.000
43.213 55.263 0.000
43.235 55.263 0.000
43.257 55.263 0.000
43.279 55.263 0.000
43.301 55.263 0.000
43.324 55.263 0.000
43.346 55.263 0.000
43.368 55.263 0.000
43.390 55.263 0.000
43.413 55.263 0.000
43.435 55.263 0.000
43.457 55.263 0.000
43.479 55.263 0.000
43.501 55.263 0.000
43.524 55.263 0.000
43.546 55.263 0.000
43.568 55.263 0.000
43.590 55.263 0.000
43.613 55.263 0.000
43.635 55.263 0.000
43.657 55.263 0.000
43.679 55.263 0.000
43.701 55.263 0.000
43.724 55.263 0.000
43.746 55.263 0.000
43.768 55.263 0.000
43.790 55.263 0.000
43.813 55.263 0.000
43.835 55.263 0.000
43.857 55.263 0.000
43.879 55.263 0.000
43.901 55.263 0.000
43.924 55.263 0.000
43.946 55.263 0.000
43.968 55.263 0.000
43.990 55.263 0.000
44.013 55.263 0.000
44.035 55.263 0.000
44.058 55.263 0.000
44.080 55.263 0.000
44.103 55.262 6.234
44.125 55.260 6.166
44.148 55.257 6.097
44.170 55.252 6.028
44.191 55.245 5.959
44.213 55.238 5.891
44.218 55.235 5.891
44.224 55.232 5.891
44.229 55.229 5.891
44.235 55.226 5.891
44.240 55.224 5.891
44.246 55.221 5.891
44.251 55.218 5.891
44.257 55.215 5.891
44.263 55.213 5.891
44.279 55.204 5.891
44.296 55.196 5.891
44.312 55.188 5.891
44.329 55.179 5.891
44.346 55.171 5.891
44.363 55.163 5.891
44.379 55.154 5.891
44.396 55.146 5.891
44.413 55.138 5.891
44.427 55.128 5.860
44.442 55.119 5.830
44.457 55.108 5.800
44.471 55.098 5.769
44.485 55.087 5.739
44.498 55.075 5.709
44.512 55.063 5.678
44.525 55.050 5.648
44.538 55.038 5.498
44.554 55.021 5.498
44.571 55.004 5.498
44.588 54.988 5.498
44.604 54.971 5.498
44.621 54.954 5.498
44.638 54.938 5.498
44.654 54.921 5.498
44.671 54.904 5.498
44.688 54.888 5.498
44.704 54.871 5.498
44.721 54.854 5.498
44.738 54.838 5.498
44.754 54.821 5.498
44.771 54.804 5.498
44.788 54.788 5.498
44.804 54.771 5.498
44.821 54.754 5.498
44.838 54.738 5.498
44.855 54.721 5.498
44.871 54.703 5.468
44.888 54.685 5.416
44.903 54.667 5.364
44.917 54.647 5.312
44.930 54.627 5.261
44.942 54.606 5.209
44.953 54.585 5.157
44.963 54.563 5.105
44.971 54.546 5.105
44.979 54.529 5.105
44.988 54.513 5.105
44.996 54.496 5.105
45.004 54.479 5.105
45.013 54.463 5.105
45.021 54.446 5.105
45.029 54.429 5.105
45.038 54.413 5.105
45.040 54.407 5.105
45.043 54.401 5.105
45.046 54.396 5.105
45.049 54.390 5.105
45.051 54.385 5.105
45.054 54.379 5.105
45.057 54.374 5.105
45.060 54.368 5.105
45.063 54.363 5.105
45.065 54.357 5.105
45.068 54.351 5.105
45.071 54.346 5.105
45.074 54.340 5.105
45.076 54.335 5.105
45.079 54.329 5.105
45.082 54.324 5.105
45.085 54.318 5.105
45.088 54.313 5.105
45.090 54.307 5.105
45.093 54.301 5.105
45.096 54.296 5.105
45.099 54.290 5.105
45.101 54.285 5.105
45.104 54.279 5.105
45.107 54.274 5.105
45.110 54.268 5.105
45.113 54.263 5.105
45.121 54.246 5.105
45.129 54.229 5.105
45.138 54.213 5.105
45.146 54.196 5.105
45.154 54.179 5.105
45.163 54.163 5.105
45.171 54.146 5.105
45.179 54.129 5.105
45.188 54.113 5.105
45.196 54.096 5.105
45.204 54.079 5.105
45.213 54.063 5.105
45.221 54.046 5.105
45.229 54.029 5.105
45.238 54.013 5.105
45.246 53.996 5.105
45.254 53.979 5.105
45.263 53.963 5.105
45.272 53.948 5.135
45.281 53.933 5.166
45.292 53.919 5.196
45.302 53.904 5.226
45.313 53.890 5.257
45.325 53.877 5.287
45.337 53.863 5.317
45.350 53.850 5.348
45.363 53.838 5.498
45.365 53.835 5.498
45.368 53.832 5.498
45.371 53.829 5.498
45.374 53.826 5.498
45.376 53.824 5.498
45.379 53.821 5.498
45.382 53.818 5.498
45.385 53.815 5.498
45.388 53.813 5.498
45.390 53.810 5.498
45.393 53.807 5.498
45.396 53.804 5.498
45.399 53.801 5.498
45.401 53.799 5.498
45.404 53.796 5.498
45.407 53.793 5.498
45.410 53.790 5.498
45.413 53.788 5.498
45.429 53.771 5.498
45.446 53.754 5.498
45.463 53.738 5.498
45.479 53.721 5.498
45.496 53.704 5.498
45.513 53.688 5.498
45.529 53.671 5.498
45.546 53.654 5.498
45.563 53.638 5.498
45.580 53.620 5.498
45.597 53.604 5.527
45.615 53.588 5.579
45.633 53.572 5.631
45.653 53.558 5.683
45.673 53.545 5.735
45.694 53.533 5.787
45.716 53.522 5.839
45.738 53.513 5.891
45.743 53.510 5.891
45.749 53.507 5.891
45.754 53.504 5.891
45.760 53.501 5.891
45.765 53.499 5.891
45.771 53.496 5.891
45.776 53.493 5.891
45.782 53.490 5.891
45.788 53.488 5.891
45.793 53.485 5.891
45.799 53.482 5.891
45.804 53.479 5.891
45.810 53.476 5.891
45.815 53.474 5.891
45.821 53.471 5.891
45.826 53.468 5.891
45.832 53.465 5.891
45.838 53.463 5.891
45.854 53.454 5.891
45.871 53.446 5.891
45.888 53.438 5.891
45.904 53.429 5.891
45.921 53.421 5.891
45.938 53.413 5.891
45.954 53.404 5.891
45.971 53.396 5.891
45.988 53.388 5.891
46.006 53.380 5.891
46.025 53.372 5.891
46.044 53.364 5.891
46.063 53.356 5.910
46.082 53.350 5.984
46.102 53.344 6.059
46.122 53.341 6.134
46.142 53.338 6.208
46.163 53.338 0.000
46.185 53.338 0.000
46.207 53.338 0.000
46.229 53.338 0.000
46.251 53.338 0.000
46.274 53.338 0.000
46.296 53.338 0.000
46.318 53.338 0.000
46.340 53.338 0.000
46.363 53.338 0.000
46.385 53.338 0.000
46.407 53.338 0.000
46.429 53.338 0.000
46.451 53.338 0.000
46.474 53.338 0.000
46.496 53.338 0.000
46.518 53.338 0.000
46.540 53.338 0.000
46.563 53.338 0.000
46.585 53.338 0.000
46.607 53.338 0.000
46.629 53.338 0.000
46.651 53.338 0.000
46.674 53.338 0.000
46.696 53.338 0.000
46.718 53.338 0.000
46.740 53.338 0.000
46.763 53.338 0.000
46.785 53.338 0.000
46.807 53.338 0.000
46.829 53.338 0.000
46.851 53.338 0.000
46.874 53.338 0.000
46.896 53.338 0.000
46.918 53.338 0.000
46.940 53.338 0.000
46.963 53.338 0.000
46.985 53.338 0.000
47.007 53.338 0.000
47.029 53.338 0.000
47.051 53.338 0.000
47.074 53.338 0.000
47.096 53.338 0.000
47.118 53.338 0.000
47.140 53.338 0.000
47.163 53.338 0.000
47.185 53.338 0.000
47.207 53.338 0.000
47.229 53.338 0.000
47.251 53.338 0.000
47.274 53.338 0.000
47.296 53.338 0.000
47.318 53.338 0.000
47.340 53.338 0.000
47.363 53.338 0.000
47.385 53.338 0.000
47.407 53.338 0.000
47.429 53.338 0.000
47.451 53.338 0.000
47.474 53.338 0.000
47.496 53.338 0.000
47.518 53.338 0.000
47.540 53.338 0.000
