10.012 18.613 0.000
10.010 18.613 0.000
10.007 18.613 0.000
10.004 18.613 0.000
10.001 18.613 0.000
9.999 18.613 0.000
9.996 18.613 0.000
9.993 18.613 0.000
9.990 18.613 0.000
9.988 18.613 0.000
10.010 18.613 0.000
10.032 18.613 0.000
10.054 18.613 0.000
10.076 18.613 0.000
10.099 18.613 0.000
10.121 18.613 0.000
10.143 18.613 0.000
10.165 18.613 0.000
10.188 18.613 0.000
10.210 18.613 0.000
10.232 18.613 0.000
10.254 18.613 0.000
10.276 18.613 0.000
10.299 18.613 0.000
10.321 18.613 0.000
10.343 18.613 0.000
10.365 18.613 0.000
10.387 18.613 0.000
10.410 18.613 0.000
10.432 18.613 0.000
10.454 18.613 0.000
10.476 18.613 0.000
10.499 18.613 0.000
10.521 18.613 0.000
10.543 18.613 0.000
10.565 18.613 0.000
10.588 18.613 0.000
10.610 18.613 0.000
10.632 18.613 0.000
10.654 18.613 0.000
10.676 18.613 0.000
10.699 18.613 0.000
10.721 18.613 0.000
10.743 18.613 0.000
10.765 18.613 0.000
10.787 18.613 0.000
10.810 18.613 0.000
10.832 18.613 0.000
10.854 18.613 0.000
10.876 18.613 0.000
10.899 18.613 0.000
10.921 18.613 0.000
10.943 18.613 0.000
10.965 18.613 0.000
10.988 18.613 0.000
11.010 18.613 0.000
11.032 18.613 0.000
11.054 18.613 0.000
11.076 18.613 0.000
11.099 18.613 0.000
11.121 18.613 0.000
11.143 18.613 0.000
11.165 18.613 0.000
11.188 18.613 0.000
11.210 18.613 0.000
11.233 18.613 0.000
11.255 18.613 0.000
11.278 18.613 0.049
11.300 18.615 0.118
11.323 18.618 0.186
11.345 18.623 0.255
11.366 18.630 0.324
11.387 18.637 0.393
11.404 18.646 0.393
11.421 18.654 0.393
11.438 18.662 0.393
11.454 18.671 0.393
11.471 18.679 0.393
11.487 18.688 0.393
11.504 18.696 0.393
11.521 18.704 0.393
11.537 18.712 0.393
11.554 18.721 0.393
11.571 18.729 0.393
11.588 18.737 0.393
11.604 18.746 0.393
11.621 18.754 0.393
11.637 18.762 0.393
11.654 18.771 0.393
11.671 18.779 0.393
11.688 18.788 0.393
11.702 18.797 0.423
11.717 18.806 0.453
11.732 18.817 0.484
11.746 18.827 0.514
11.760 18.838 0.544
11.773 18.850 0.575
11.787 18.862 0.605
11.800 18.875 0.635
11.812 18.887 0.785
11.815 18.890 0.785
11.818 18.893 0.785
11.821 18.896 0.785
11.824 18.899 0.785
11.826 18.901 0.785
11.829 18.904 0.785
11.832 18.907 0.785
11.835 18.910 0.785
11.838 18.913 0.785
11.840 18.915 0.785
11.843 18.918 0.785
11.846 18.921 0.785
11.849 18.924 0.785
11.851 18.926 0.785
11.854 18.929 0.785
11.857 18.932 0.785
11.860 18.935 0.785
11.863 18.938 0.785
11.865 18.940 0.785
11.868 18.943 0.785
11.871 18.946 0.785
11.874 18.949 0.785
11.876 18.951 0.785
11.879 18.954 0.785
11.882 18.957 0.785
11.885 18.960 0.785
11.887 18.962 0.785
11.890 18.965 0.785
11.893 18.968 0.785
11.896 18.971 0.785
11.899 18.974 0.785
11.901 18.976 0.785
11.904 18.979 0.785
11.907 18.982 0.785
11.910 18.985 0.785
11.912 18.988 0.785
11.929 19.005 0.785
11.946 19.022 0.815
11.963 19.040 0.867
11.978 19.058 0.919
11.992 19.078 0.971
12.005 19.098 1.022
12.017 19.119 1.074
12.028 19.140 1.126
12.037 19.163 1.178
12.045 19.181 1.178
12.053 19.200 1.178
12.061 19.219 1.178
12.069 19.238 1.197
12.075 19.257 1.272
12.081 19.277 1.347
12.085 19.297 1.421
12.087 19.317 1.496
12.088 19.338 1.571
12.088 19.340 1.571
12.088 19.343 1.571
12.088 19.346 1.571
12.088 19.349 1.571
12.088 19.351 1.571
12.088 19.354 1.571
12.088 19.357 1.571
12.088 19.360 1.571
12.088 19.363 1.571
12.088 19.365 1.571
12.088 19.368 1.571
12.088 19.371 1.571
12.088 19.374 1.571
12.088 19.376 1.571
12.088 19.379 1.571
12.088 19.382 1.571
12.088 19.385 1.571
12.088 19.387 1.571
12.088 19.390 1.571
12.088 19.393 1.571
12.088 19.396 1.571
12.088 19.399 1.571
12.088 19.401 1.571
12.088 19.404 1.571
12.088 19.407 1.571
12.088 19.410 1.571
12.088 19.413 1.571
12.088 19.415 1.571
12.088 19.418 1.571
12.088 19.421 1.571
12.088 19.424 1.571
12.088 19.426 1.571
12.088 19.429 1.571
12.088 19.432 1.571
12.088 19.435 1.571
12.088 19.438 1.571
12.088 19.460 1.571
12.088 19.482 1.571
12.088 19.504 1.571
12.088 19.526 1.571
12.088 19.549 1.571
12.088 19.571 1.571
12.088 19.593 1.571
12.088 19.615 1.571
12.088 19.637 1.571
12.088 19.660 1.571
12.088 19.682 1.571
12.088 19.704 1.571
12.088 19.726 1.571
12.088 19.749 1.571
12.088 19.771 1.571
12.088 19.793 1.571
12.088 19.815 1.571
12.088 19.838 1.571
12.088 19.860 1.571
12.088 19.883 1.571
12.088 19.905 1.571
12.087 19.928 1.620
12.085 19.950 1.688
12.082 19.973 1.757
12.077 19.995 1.826
12.070 20.016 1.895
12.062 20.038 1.964
12.053 20.052 1.994
12.044 20.067 2.024
12.033 20.082 2.054
12.023 20.096 2.085
12.012 20.110 2.115
12.000 20.123 2.145
11.988 20.137 2.176
11.975 20.150 2.206
11.963 20.163 2.356
11.946 20.180 2.356
11.928 20.196 2.386
11.910 20.213 2.438
11.892 20.228 2.490
11.872 20.242 2.542
11.852 20.255 2.593
11.831 20.267 2.645
11.809 20.278 2.697
11.787 20.288 2.749
11.771 20.296 2.749
11.754 20.304 2.749
11.737 20.312 2.749
11.721 20.321 2.749
11.704 20.329 2.749
11.688 20.338 2.749
11.671 20.346 2.749
11.654 20.354 2.749
11.637 20.363 2.749
11.632 20.365 2.749
11.626 20.368 2.749
11.621 20.371 2.749
11.615 20.374 2.749
11.610 20.376 2.749
11.604 20.379 2.749
11.599 20.382 2.749
11.593 20.385 2.749
11.588 20.387 2.749
11.582 20.390 2.749
11.576 20.393 2.749
11.571 20.396 2.749
11.565 20.399 2.749
11.560 20.401 2.749
11.554 20.404 2.749
11.549 20.407 2.749
11.543 20.410 2.749
11.537 20.413 2.749
11.523 20.422 2.719
11.508 20.431 2.688
11.493 20.442 2.658
11.479 20.452 2.628
11.465 20.463 2.597
11.452 20.475 2.567
11.438 20.487 2.537
11.425 20.500 2.506
11.412 20.512 2.356
11.396 20.529 2.356
11.379 20.547 2.326
11.362 20.565 2.275
11.347 20.583 2.223
11.333 20.603 2.171
11.320 20.623 2.119
11.308 20.644 2.067
11.297 20.665 2.015
11.287 20.688 1.964
11.285 20.693 1.964
11.282 20.699 1.964
11.279 20.704 1.964
11.276 20.710 1.964
11.274 20.715 1.964
11.271 20.721 1.964
11.268 20.726 1.964
11.265 20.732 1.964
11.262 20.738 1.964
11.255 20.756 1.964
11.247 20.775 1.964
11.239 20.794 1.964
11.231 20.813 1.944
11.225 20.832 1.870
11.219 20.852 1.795
11.215 20.872 1.720
11.213 20.892 1.645
11.213 20.913 1.571
11.213 20.915 1.571
11.213 20.918 1.571
11.213 20.921 1.571
11.213 20.924 1.571
11.213 20.926 1.571
11.213 20.929 1.571
11.213 20.932 1.571
11.213 20.935 1.571
11.213 20.938 1.571
11.213 20.940 1.571
11.213 20.943 1.571
11.213 20.946 1.571
11.213 20.949 1.571
11.213 20.951 1.571
11.213 20.954 1.571
11.213 20.957 1.571
11.213 20.960 1.571
11.213 20.963 1.571
11.213 20.965 1.571
11.213 20.968 1.571
11.213 20.971 1.571
11.213 20.974 1.571
11.213 20.976 1.571
11.213 20.979 1.571
11.213 20.982 1.571
11.213 20.985 1.571
11.213 20.988 1.571
11.213 21.010 1.571
11.213 21.033 1.571
11.213 21.055 1.571
11.213 21.078 1.522
11.215 21.100 1.453
11.218 21.123 1.384
11.223 21.145 1.316
11.230 21.166 1.247
11.238 21.188 1.178
11.246 21.204 1.178
11.254 21.221 1.178
11.263 21.238 1.178
11.271 21.254 1.178
11.279 21.271 1.178
11.288 21.288 1.178
11.296 21.304 1.178
11.304 21.321 1.178
11.312 21.338 1.178
11.321 21.354 1.178
11.329 21.371 1.178
11.338 21.388 1.178
11.346 21.404 1.178
11.354 21.421 1.178
11.363 21.438 1.178
11.371 21.454 1.178
11.379 21.471 1.178
11.387 21.488 1.178
11.396 21.504 1.178
11.404 21.521 1.178
11.412 21.538 1.178
11.421 21.554 1.178
11.429 21.571 1.178
11.438 21.588 1.178
11.446 21.604 1.178
11.454 21.621 1.178
11.463 21.637 1.178
11.465 21.643 1.178
11.468 21.649 1.178
11.471 21.654 1.178
11.474 21.660 1.178
11.476 21.665 1.178
11.479 21.671 1.178
11.482 21.676 1.178
11.485 21.682 1.178
11.488 21.688 1.178
11.497 21.702 1.148
11.506 21.717 1.117
11.517 21.732 1.087
11.527 21.746 1.057
11.538 21.760 1.027
11.550 21.773 0.996
11.562 21.787 0.966
11.575 21.800 0.936
11.588 21.812 0.785
11.590 21.815 0.785
11.593 21.818 0.785
11.596 21.821 0.785
11.599 21.824 0.785
11.601 21.826 0.785
11.604 21.829 0.785
11.607 21.832 0.785
11.610 21.835 0.785
11.613 21.838 0.785
11.629 21.854 0.785
11.646 21.871 0.785
11.663 21.888 0.785
11.679 21.904 0.785
11.696 21.921 0.785
11.713 21.938 0.785
11.729 21.954 0.785
11.746 21.971 0.785
11.762 21.988 0.785
11.779 22.004 0.785
11.796 22.021 0.785
11.812 22.038 0.785
11.829 22.054 0.785
11.846 22.071 0.785
11.862 22.088 0.785
11.879 22.104 0.785
11.896 22.121 0.785
11.912 22.137 0.785
11.929 22.154 0.785
11.947 22.171 0.756
11.965 22.188 0.704
11.983 22.203 0.652
12.003 22.217 0.600
12.023 22.230 0.548
12.044 22.242 0.496
12.066 22.253 0.445
12.088 22.262 0.393
12.093 22.265 0.393
12.099 22.268 0.393
12.104 22.271 0.393
12.110 22.274 0.393
12.115 22.276 0.393
12.121 22.279 0.393
12.126 22.282 0.393
12.132 22.285 0.393
12.137 22.288 0.393
12.156 22.295 0.393
12.175 22.303 0.393
12.194 22.311 0.393
12.213 22.319 0.374
12.232 22.325 0.299
12.252 22.331 0.224
12.272 22.335 0.149
12.292 22.337 0.075
12.312 22.338 0.000
12.315 22.338 0.000
12.318 22.338 0.000
12.321 22.338 0.000
12.324 22.338 0.000
12.326 22.338 0.000
12.329 22.338 0.000
12.332 22.338 0.000
12.335 22.338 0.000
12.338 22.338 0.000
12.340 22.338 0.000
12.343 22.338 0.000
12.346 22.338 0.000
12.349 22.338 0.000
12.351 22.338 0.000
12.354 22.338 0.000
12.357 22.338 0.000
12.360 22.338 0.000
12.363 22.338 0.000
12.385 22.338 0.000
12.408 22.338 0.000
12.430 22.338 0.000
12.453 22.338 0.049
12.475 22.340 0.118
12.498 22.343 0.186
12.520 22.348 0.255
12.541 22.355 0.324
12.562 22.363 0.393
12.581 22.370 0.393
12.600 22.378 0.393
12.619 22.386 0.393
12.638 22.394 0.374
12.657 22.400 0.299
12.677 22.406 0.224
12.697 22.410 0.149
12.717 22.412 0.075
12.738 22.413 0.000
12.740 22.413 0.000
12.743 22.413 0.000
12.746 22.413 0.000
12.749 22.413 0.000
12.751 22.413 0.000
12.754 22.413 0.000
12.757 22.413 0.000
12.760 22.413 0.000
12.762 22.413 0.000
12.765 22.413 0.000
12.768 22.413 0.000
12.771 22.413 0.000
12.774 22.413 0.000
12.776 22.413 0.000
12.779 22.413 0.000
12.782 22.413 0.000
12.785 22.413 0.000
12.787 22.413 0.000
12.790 22.413 0.000
12.793 22.413 0.000
12.796 22.413 0.000
12.799 22.413 0.000
12.801 22.413 0.000
12.804 22.413 0.000
12.807 22.413 0.000
12.810 22.413 0.000
12.812 22.413 0.000
12.835 22.413 0.000
12.857 22.413 0.000
12.879 22.413 0.000
12.901 22.413 0.000
12.924 22.413 0.000
12.946 22.413 0.000
12.968 22.413 0.000
12.990 22.413 0.000
13.012 22.413 0.000
13.015 22.413 0.000
13.018 22.413 0.000
13.021 22.413 0.000
13.024 22.413 0.000
13.026 22.413 0.000
13.029 22.413 0.000
13.032 22.413 0.000
13.035 22.413 0.000
13.037 22.413 0.000
13.040 22.413 0.000
13.043 22.413 0.000
13.046 22.413 0.000
13.049 22.413 0.000
13.051 22.413 0.000
13.054 22.413 0.000
13.057 22.413 0.000
13.060 22.413 0.000
13.062 22.413 0.000
13.065 22.413 0.000
13.068 22.413 0.000
13.071 22.413 0.000
13.074 22.413 0.000
13.076 22.413 0.000
13.079 22.413 0.000
13.082 22.413 0.000
13.085 22.413 0.000
13.088 22.413 0.000
13.090 22.413 0.000
13.093 22.413 0.000
13.096 22.413 0.000
13.099 22.413 0.000
13.101 22.413 0.000
13.104 22.413 0.000
13.107 22.413 0.000
13.110 22.413 0.000
13.113 22.413 0.000
13.115 22.413 0.000
13.118 22.413 0.000
13.121 22.413 0.000
13.124 22.413 0.000
13.126 22.413 0.000
13.129 22.413 0.000
13.132 22.413 0.000
13.135 22.413 0.000
13.137 22.413 0.000
13.140 22.413 0.000
13.143 22.413 0.000
13.146 22.413 0.000
13.149 22.413 0.000
13.151 22.413 0.000
13.154 22.413 0.000
13.157 22.413 0.000
13.160 22.413 0.000
13.162 22.413 0.000
13.165 22.413 0.000
13.168 22.413 0.000
13.171 22.413 0.000
13.174 22.413 0.000
13.176 22.413 0.000
13.179 22.413 0.000
13.182 22.413 0.000
13.185 22.413 0.000
13.188 22.413 0.000
13.190 22.413 0.000
13.193 22.413 0.000
13.196 22.413 0.000
13.199 22.413 0.000
13.201 22.413 0.000
13.204 22.413 0.000
13.207 22.413 0.000
13.210 22.413 0.000
13.213 22.413 0.000
13.215 22.413 0.000
13.218 22.413 0.000
13.221 22.413 0.000
13.224 22.413 0.000
13.226 22.413 0.000
13.229 22.413 0.000
13.232 22.413 0.000
13.235 22.413 0.000
13.238 22.413 0.000
13.260 22.413 0.000
13.282 22.413 0.000
13.304 22.413 0.000
13.326 22.413 0.000
13.349 22.413 0.000
13.371 22.413 0.000
13.393 22.413 0.000
13.415 22.413 0.000
13.438 22.413 0.000
13.440 22.413 0.000
13.443 22.413 0.000
13.446 22.413 0.000
13.449 22.413 0.000
13.451 22.413 0.000
13.454 22.413 0.000
13.457 22.413 0.000
13.460 22.413 0.000
13.463 22.413 0.000
13.485 22.413 0.000
13.508 22.413 0.000
13.530 22.413 0.000
13.553 22.413 0.049
13.575 22.415 0.118
13.598 22.418 0.186
13.620 22.423 0.255
13.641 22.430 0.324
13.662 22.438 0.393
13.668 22.440 0.393
13.674 22.443 0.393
13.679 22.446 0.393
13.685 22.449 0.393
13.690 22.451 0.393
13.696 22.454 0.393
13.701 22.457 0.393
13.707 22.460 0.393
13.713 22.463 0.393
13.727 22.472 0.423
13.742 22.481 0.453
13.757 22.492 0.484
13.771 22.502 0.514
13.785 22.513 0.544
13.798 22.525 0.575
13.812 22.537 0.605
13.825 22.550 0.635
13.838 22.562 0.785
13.854 22.579 0.785
13.871 22.596 0.785
13.888 22.613 0.785
13.904 22.629 0.785
13.921 22.646 0.785
13.938 22.663 0.785
13.954 22.679 0.785
13.971 22.696 0.785
13.988 22.713 0.785
14.004 22.729 0.785
14.021 22.746 0.785
14.038 22.763 0.785
14.054 22.779 0.785
14.071 22.796 0.785
14.088 22.813 0.785
14.104 22.829 0.785
14.121 22.846 0.785
14.137 22.863 0.785
14.154 22.879 0.785
14.171 22.896 0.785
14.188 22.913 0.785
14.204 22.929 0.785
14.221 22.946 0.785
14.237 22.963 0.785
14.254 22.979 0.785
14.271 22.996 0.785
14.287 23.012 0.785
14.304 23.029 0.785
14.321 23.047 0.815
14.338 23.065 0.867
14.353 23.083 0.919
14.367 23.103 0.971
14.380 23.123 1.022
14.392 23.144 1.074
14.403 23.165 1.126
14.412 23.188 1.178
14.415 23.193 1.178
14.418 23.199 1.178
14.421 23.204 1.178
14.424 23.210 1.178
14.426 23.215 1.178
14.429 23.221 1.178
14.432 23.226 1.178
14.435 23.232 1.178
14.438 23.238 1.178
14.440 23.243 1.178
14.443 23.249 1.178
14.446 23.254 1.178
14.449 23.260 1.178
14.451 23.265 1.178
14.454 23.271 1.178
14.457 23.276 1.178
14.460 23.282 1.178
14.463 23.288 1.178
14.471 23.304 1.178
14.479 23.321 1.178
14.488 23.338 1.178
14.496 23.354 1.178
14.504 23.371 1.178
14.513 23.388 1.178
14.521 23.404 1.178
14.529 23.421 1.178
14.537 23.438 1.178
14.546 23.454 1.178
14.554 23.471 1.178
14.562 23.488 1.178
14.571 23.504 1.178
14.579 23.521 1.178
14.588 23.538 1.178
14.596 23.554 1.178
14.604 23.571 1.178
14.613 23.588 1.178
14.621 23.604 1.178
14.629 23.621 1.178
14.638 23.638 1.178
14.646 23.654 1.178
14.654 23.671 1.178
14.663 23.688 1.178
14.671 23.704 1.178
14.679 23.721 1.178
14.688 23.738 1.178
14.696 23.754 1.178
14.704 23.771 1.178
14.713 23.788 1.178
14.721 23.804 1.178
14.729 23.821 1.178
14.738 23.838 1.178
14.746 23.854 1.178
14.754 23.871 1.178
14.762 23.887 1.178
14.771 23.904 1.178
14.779 23.921 1.178
14.787 23.938 1.178
14.796 23.954 1.178
14.804 23.971 1.178
14.812 23.988 1.178
14.821 24.004 1.178
14.829 24.021 1.178
14.838 24.038 1.178
14.846 24.054 1.178
14.854 24.071 1.178
14.863 24.088 1.178
14.871 24.104 1.178
14.879 24.121 1.178
14.888 24.138 1.178
14.896 24.154 1.178
14.904 24.171 1.178
14.912 24.188 1.178
14.920 24.206 1.178
14.928 24.225 1.178
14.936 24.244 1.178
14.944 24.263 1.197
14.950 24.282 1.272
14.956 24.302 1.347
14.960 24.322 1.421
14.962 24.342 1.496
14.963 24.363 1.571
14.963 24.385 1.571
14.963 24.408 1.571
14.963 24.430 1.571
14.963 24.453 1.522
14.965 24.475 1.453
14.968 24.498 1.384
14.973 24.520 1.316
14.980 24.541 1.247
14.988 24.562 1.178
14.990 24.568 1.178
14.993 24.574 1.178
14.996 24.579 1.178
14.999 24.585 1.178
15.001 24.590 1.178
15.004 24.596 1.178
15.007 24.601 1.178
15.010 24.607 1.178
15.012 24.613 1.178
15.021 24.629 1.178
15.029 24.646 1.178
15.037 24.663 1.178
15.046 24.679 1.178
15.054 24.696 1.178
15.062 24.713 1.178
15.071 24.729 1.178
15.079 24.746 1.178
15.088 24.762 1.178
15.097 24.777 1.148
15.106 24.792 1.117
15.117 24.806 1.087
15.127 24.821 1.057
15.138 24.835 1.027
15.150 24.848 0.996
15.162 24.862 0.966
15.175 24.875 0.936
15.188 24.887 0.785
15.190 24.890 0.785
15.193 24.893 0.785
15.196 24.896 0.785
15.199 24.899 0.785
15.201 24.901 0.785
15.204 24.904 0.785
15.207 24.907 0.785
15.210 24.910 0.785
15.213 24.913 0.785
15.215 24.915 0.785
15.218 24.918 0.785
15.221 24.921 0.785
15.224 24.924 0.785
15.226 24.926 0.785
15.229 24.929 0.785
15.232 24.932 0.785
15.235 24.935 0.785
15.238 24.938 0.785
15.254 24.954 0.785
15.271 24.971 0.785
15.288 24.988 0.785
15.304 25.004 0.785
15.321 25.021 0.785
15.338 25.038 0.785
15.354 25.054 0.785
15.371 25.071 0.785
15.387 25.088 0.785
15.404 25.104 0.785
15.421 25.121 0.785
15.438 25.138 0.785
15.454 25.154 0.785
15.471 25.171 0.785
15.487 25.188 0.785
15.504 25.204 0.785
15.521 25.221 0.785
15.537 25.238 0.785
15.554 25.255 0.785
15.571 25.272 0.815
15.588 25.290 0.867
15.603 25.308 0.919
15.617 25.328 0.971
15.630 25.348 1.022
15.642 25.369 1.074
15.653 25.390 1.126
15.662 25.413 1.178
15.671 25.429 1.178
15.679 25.446 1.178
15.688 25.463 1.178
15.696 25.479 1.178
15.704 25.496 1.178
15.713 25.513 1.178
15.721 25.529 1.178
15.729 25.546 1.178
15.738 25.562 1.178
15.746 25.579 1.178
15.754 25.596 1.178
15.763 25.613 1.178
15.771 25.629 1.178
15.779 25.646 1.178
15.788 25.663 1.178
15.796 25.679 1.178
15.804 25.696 1.178
15.812 25.713 1.178
15.821 25.729 1.178
15.829 25.746 1.178
15.838 25.763 1.178
15.846 25.779 1.178
15.854 25.796 1.178
15.863 25.813 1.178
15.871 25.829 1.178
15.879 25.846 1.178
15.887 25.863 1.178
15.896 25.879 1.178
15.904 25.896 1.178
15.912 25.913 1.178
15.921 25.929 1.178
15.929 25.946 1.178
15.938 25.963 1.178
15.946 25.979 1.178
15.954 25.996 1.178
15.963 26.012 1.178
15.971 26.029 1.178
15.979 26.046 1.178
15.988 26.062 1.178
15.996 26.079 1.178
16.004 26.096 1.178
16.012 26.113 1.178
16.021 26.129 1.178
16.029 26.146 1.178
16.038 26.163 1.178
16.046 26.179 1.178
16.054 26.196 1.178
16.062 26.213 1.178
16.071 26.229 1.178
16.079 26.246 1.178
16.088 26.263 1.178
16.096 26.279 1.178
16.104 26.296 1.178
16.113 26.312 1.178
16.121 26.329 1.178
16.129 26.346 1.178
16.137 26.363 1.178
16.146 26.379 1.178
16.154 26.396 1.178
16.163 26.413 1.178
16.171 26.429 1.178
16.179 26.446 1.178
16.188 26.463 1.178
16.195 26.481 1.178
16.203 26.500 1.178
16.211 26.519 1.178
16.219 26.538 1.197
16.225 26.557 1.272
16.231 26.577 1.347
16.235 26.597 1.421
16.237 26.617 1.496
16.238 26.637 1.571
16.238 26.640 1.571
16.238 26.643 1.571
16.238 26.646 1.571
16.238 26.649 1.571
16.238 26.651 1.571
16.238 26.654 1.571
16.238 26.657 1.571
16.238 26.660 1.571
16.238 26.663 1.571
16.238 26.665 1.571
16.238 26.668 1.571
16.238 26.671 1.571
16.238 26.674 1.571
16.238 26.676 1.571
16.238 26.679 1.571
16.238 26.682 1.571
16.238 26.685 1.571
16.238 26.688 1.571
16.238 26.710 1.571
16.238 26.732 1.571
16.238 26.754 1.571
16.238 26.776 1.571
16.238 26.799 1.571
16.238 26.821 1.571
16.238 26.843 1.571
16.238 26.865 1.571
16.238 26.887 1.571
16.238 26.910 1.571
16.238 26.932 1.571
16.238 26.954 1.571
16.238 26.976 1.571
16.238 26.999 1.571
16.238 27.021 1.571
16.238 27.043 1.571
16.238 27.065 1.571
16.238 27.088 1.571
16.238 27.110 1.571
16.238 27.132 1.571
16.238 27.154 1.571
16.238 27.176 1.571
16.238 27.199 1.571
16.238 27.221 1.571
16.238 27.243 1.571
16.238 27.265 1.571
16.238 27.288 1.571
16.238 27.310 1.571
16.238 27.332 1.571
16.238 27.354 1.571
16.238 27.376 1.571
16.238 27.399 1.571
16.238 27.421 1.571
16.238 27.443 1.571
16.238 27.465 1.571
16.238 27.488 1.571
16.238 27.510 1.571
16.238 27.532 1.571
16.238 27.554 1.571
16.238 27.576 1.571
16.238 27.599 1.571
16.238 27.621 1.571
16.238 27.643 1.571
16.238 27.665 1.571
16.238 27.688 1.571
16.238 27.710 1.571
16.238 27.732 1.571
16.238 27.754 1.571
16.238 27.776 1.571
16.238 27.799 1.571
16.238 27.821 1.571
16.238 27.843 1.571
16.238 27.865 1.571
16.238 27.887 1.571
16.238 27.910 1.571
16.238 27.932 1.571
16.238 27.954 1.571
16.238 27.976 1.571
16.238 27.999 1.571
16.238 28.021 1.571
16.238 28.043 1.571
16.238 28.065 1.571
16.238 28.088 1.571
16.238 28.110 1.571
16.238 28.132 1.571
16.238 28.154 1.571
16.238 28.176 1.571
16.238 28.199 1.571
16.238 28.221 1.571
16.238 28.243 1.571
16.238 28.265 1.571
16.238 28.288 1.571
16.238 28.310 1.571
16.238 28.333 1.571
16.238 28.355 1.571
16.238 28.378 1.522
16.240 28.400 1.453
16.243 28.423 1.384
16.248 28.445 1.316
16.255 28.466 1.247
16.262 28.488 1.178
16.265 28.493 1.178
16.268 28.499 1.178
16.271 28.504 1.178
16.274 28.510 1.178
16.276 28.515 1.178
16.279 28.521 1.178
16.282 28.526 1.178
16.285 28.532 1.178
16.288 28.538 1.178
16.290 28.543 1.178
16.293 28.549 1.178
16.296 28.554 1.178
16.299 28.560 1.178
16.301 28.565 1.178
16.304 28.571 1.178
16.307 28.576 1.178
16.310 28.582 1.178
16.312 28.588 1.178
16.321 28.604 1.178
16.329 28.621 1.178
16.337 28.638 1.178
16.346 28.654 1.178
16.354 28.671 1.178
16.363 28.688 1.178
16.371 28.704 1.178
16.379 28.721 1.178
16.387 28.738 1.178
16.396 28.754 1.178
16.404 28.771 1.178
16.412 28.788 1.178
16.421 28.804 1.178
16.429 28.821 1.178
16.438 28.838 1.178
16.446 28.854 1.178
16.454 28.871 1.178
16.462 28.887 1.178
16.471 28.904 1.178
16.479 28.921 1.178
16.487 28.938 1.178
16.496 28.954 1.178
16.504 28.971 1.178
16.512 28.988 1.178
16.521 29.004 1.178
16.529 29.021 1.178
16.538 29.038 1.178
16.546 29.054 1.178
16.554 29.071 1.178
16.562 29.088 1.178
16.571 29.104 1.178
16.579 29.121 1.178
16.588 29.138 1.178
16.596 29.154 1.178
16.604 29.171 1.178
16.613 29.188 1.178
16.621 29.204 1.178
16.629 29.221 1.178
16.637 29.238 1.178
16.646 29.254 1.178
16.654 29.271 1.178
16.663 29.288 1.178
16.671 29.304 1.178
16.679 29.321 1.178
16.688 29.338 1.178
16.696 29.354 1.178
16.704 29.371 1.178
16.712 29.388 1.178
16.721 29.404 1.178
16.729 29.421 1.178
16.738 29.438 1.178
16.746 29.454 1.178
16.754 29.471 1.178
16.762 29.488 1.178
16.771 29.504 1.178
16.779 29.521 1.178
16.787 29.538 1.178
16.796 29.554 1.178
16.804 29.571 1.178
16.812 29.588 1.178
16.821 29.604 1.178
16.829 29.621 1.178
16.837 29.637 1.178
16.840 29.643 1.178
16.843 29.649 1.178
16.846 29.654 1.178
16.849 29.660 1.178
16.851 29.665 1.178
16.854 29.671 1.178
16.857 29.676 1.178
16.860 29.682 1.178
16.863 29.688 1.178
16.865 29.693 1.178
16.868 29.699 1.178
16.871 29.704 1.178
16.874 29.710 1.178
16.876 29.715 1.178
16.879 29.721 1.178
16.882 29.726 1.178
16.885 29.732 1.178
16.887 29.738 1.178
16.896 29.754 1.178
16.904 29.771 1.178
16.912 29.788 1.178
16.921 29.804 1.178
16.929 29.821 1.178
16.938 29.838 1.178
16.946 29.854 1.178
16.954 29.871 1.178
16.962 29.887 1.178
16.971 29.904 1.178
16.979 29.921 1.178
16.987 29.938 1.178
16.996 29.954 1.178
17.004 29.971 1.178
17.012 29.988 1.178
17.021 30.004 1.178
17.029 30.021 1.178
17.038 30.038 1.178
17.046 30.054 1.178
17.054 30.071 1.178
17.062 30.088 1.178
17.071 30.104 1.178
17.079 30.121 1.178
17.088 30.138 1.178
17.096 30.154 1.178
17.104 30.171 1.178
17.113 30.188 1.178
17.121 30.204 1.178
17.129 30.221 1.178
17.137 30.238 1.178
17.146 30.254 1.178
17.154 30.271 1.178
17.163 30.288 1.178
17.171 30.304 1.178
17.179 30.321 1.178
17.188 30.338 1.178
17.196 30.354 1.178
17.204 30.371 1.178
17.212 30.388 1.178
17.221 30.404 1.178
17.229 30.421 1.178
17.238 30.438 1.178
17.246 30.454 1.178
17.254 30.471 1.178
17.262 30.488 1.178
17.271 30.504 1.178
17.279 30.521 1.178
17.287 30.538 1.178
17.296 30.554 1.178
17.304 30.571 1.178
17.312 30.588 1.178
17.321 30.604 1.178
17.329 30.621 1.178
17.337 30.637 1.178
17.346 30.654 1.178
17.354 30.671 1.178
17.362 30.688 1.178
17.371 30.704 1.178
17.379 30.721 1.178
17.387 30.738 1.178
17.396 30.754 1.178
17.404 30.771 1.178
17.413 30.788 1.178
17.420 30.806 1.178
17.428 30.825 1.178
17.436 30.844 1.178
17.444 30.863 1.197
17.450 30.882 1.272
17.456 30.902 1.347
17.460 30.922 1.421
17.462 30.942 1.496
17.462 30.963 1.571
17.462 30.985 1.571
17.462 31.007 1.571
17.462 31.029 1.571
17.462 31.051 1.571
17.462 31.074 1.571
17.462 31.096 1.571
17.462 31.118 1.571
17.462 31.140 1.571
17.462 31.163 1.571
17.462 31.165 1.571
17.462 31.168 1.571
17.462 31.171 1.571
17.462 31.174 1.571
17.462 31.176 1.571
17.462 31.179 1.571
17.462 31.182 1.571
17.462 31.185 1.571
17.462 31.188 1.571
17.462 31.190 1.571
17.462 31.193 1.571
17.462 31.196 1.571
17.462 31.199 1.571
17.462 31.201 1.571
17.462 31.204 1.571
17.462 31.207 1.571
17.462 31.210 1.571
17.462 31.213 1.571
17.462 31.215 1.571
17.462 31.218 1.571
17.462 31.221 1.571
17.462 31.224 1.571
17.462 31.226 1.571
17.462 31.229 1.571
17.462 31.232 1.571
17.462 31.235 1.571
17.462 31.238 1.571
17.462 31.240 1.571
17.462 31.243 1.571
17.462 31.246 1.571
17.462 31.249 1.571
17.462 31.251 1.571
17.462 31.254 1.571
17.462 31.257 1.571
17.462 31.260 1.571
17.462 31.262 1.571
17.462 31.285 1.571
17.462 31.307 1.571
17.462 31.329 1.571
17.462 31.351 1.571
17.462 31.374 1.571
17.462 31.396 1.571
17.462 31.418 1.571
17.462 31.440 1.571
17.462 31.463 1.571
17.462 31.485 1.571
17.462 31.507 1.571
17.462 31.529 1.571
17.462 31.551 1.571
17.462 31.574 1.571
17.462 31.596 1.571
17.462 31.618 1.571
17.462 31.640 1.571
17.462 31.663 1.571
17.462 31.685 1.571
17.462 31.707 1.571
17.462 31.729 1.571
17.462 31.751 1.571
17.462 31.774 1.571
17.462 31.796 1.571
17.462 31.818 1.571
17.462 31.840 1.571
17.462 31.863 1.571
17.462 31.865 1.571
17.462 31.868 1.571
17.462 31.871 1.571
17.462 31.874 1.571
17.462 31.876 1.571
17.462 31.879 1.571
17.462 31.882 1.571
17.462 31.885 1.571
17.462 31.887 1.571
17.462 31.890 1.571
17.462 31.893 1.571
17.462 31.896 1.571
17.462 31.899 1.571
17.462 31.901 1.571
17.462 31.904 1.571
17.462 31.907 1.571
17.462 31.910 1.571
17.462 31.913 1.571
17.462 31.915 1.571
17.462 31.918 1.571
17.462 31.921 1.571
17.462 31.924 1.571
17.462 31.926 1.571
17.462 31.929 1.571
17.462 31.932 1.571
17.462 31.935 1.571
17.462 31.938 1.571
17.462 31.940 1.571
17.462 31.943 1.571
17.462 31.946 1.571
17.462 31.949 1.571
17.462 31.951 1.571
17.462 31.954 1.571
17.462 31.957 1.571
17.462 31.960 1.571
17.462 31.963 1.571
17.462 31.965 1.571
17.462 31.968 1.571
17.462 31.971 1.571
17.462 31.974 1.571
17.462 31.976 1.571
17.462 31.979 1.571
17.462 31.982 1.571
17.462 31.985 1.571
17.462 31.988 1.571
17.462 31.990 1.571
17.462 31.993 1.571
17.462 31.996 1.571
17.462 31.999 1.571
17.462 32.001 1.571
17.462 32.004 1.571
17.462 32.007 1.571
17.462 32.010 1.571
17.462 32.013 1.571
17.462 32.015 1.571
17.462 32.018 1.571
17.462 32.021 1.571
17.462 32.024 1.571
17.462 32.026 1.571
17.462 32.029 1.571
17.462 32.032 1.571
17.462 32.035 1.571
17.462 32.038 1.571
17.462 32.060 1.571
17.462 32.082 1.571
17.462 32.104 1.571
17.462 32.126 1.571
17.462 32.149 1.571
17.462 32.171 1.571
17.462 32.193 1.571
17.462 32.215 1.571
17.462 32.238 1.571
17.462 32.240 1.571
17.462 32.243 1.571
17.462 32.246 1.571
17.462 32.249 1.571
17.462 32.251 1.571
17.462 32.254 1.571
17.462 32.257 1.571
17.462 32.260 1.571
17.462 32.263 1.571
17.462 32.285 1.571
17.462 32.308 1.571
17.462 32.330 1.571
17.463 32.353 1.522
17.465 32.375 1.453
17.468 32.398 1.384
17.473 32.420 1.316
17.480 32.441 1.247
17.488 32.463 1.178
17.485 32.457 1.178
17.482 32.451 1.178
17.479 32.446 1.178
17.476 32.440 1.178
17.474 32.435 1.178
17.471 32.429 1.178
17.468 32.424 1.178
17.465 32.418 1.178
17.462 32.413 1.178
17.470 32.431 1.178
17.478 32.450 1.178
17.486 32.469 1.178
17.494 32.488 1.197
17.500 32.507 1.272
17.506 32.527 1.347
17.509 32.547 1.421
17.512 32.567 1.496
17.512 32.588 1.571
17.512 32.590 1.571
17.512 32.593 1.571
17.512 32.596 1.571
17.512 32.599 1.571
17.512 32.601 1.571
17.512 32.604 1.571
17.512 32.607 1.571
17.512 32.610 1.571
17.512 32.613 1.571
17.512 32.615 1.571
17.512 32.618 1.571
17.512 32.621 1.571
17.512 32.624 1.571
17.512 32.626 1.571
17.512 32.629 1.571
17.512 32.632 1.571
17.512 32.635 1.571
17.512 32.638 1.571
17.512 32.640 1.571
17.512 32.643 1.571
17.512 32.646 1.571
17.512 32.649 1.571
17.512 32.651 1.571
17.512 32.654 1.571
17.512 32.657 1.571
17.512 32.660 1.571
17.512 32.663 1.571
17.512 32.665 1.571
17.512 32.668 1.571
17.512 32.671 1.571
17.512 32.674 1.571
17.512 32.676 1.571
17.512 32.679 1.571
17.512 32.682 1.571
17.512 32.685 1.571
17.512 32.688 1.571
17.512 32.690 1.571
17.512 32.693 1.571
17.512 32.696 1.571
17.512 32.699 1.571
17.512 32.701 1.571
17.512 32.704 1.571
17.512 32.707 1.571
17.512 32.710 1.571
17.512 32.713 1.571
17.512 32.735 1.571
17.512 32.757 1.571
17.512 32.779 1.571
17.512 32.801 1.571
17.512 32.824 1.571
17.512 32.846 1.571
17.512 32.868 1.571
17.512 32.890 1.571
17.512 32.913 1.571
17.512 32.935 1.571
17.512 32.957 1.571
17.512 32.979 1.571
17.512 33.001 1.571
17.512 33.024 1.571
17.512 33.046 1.571
17.512 33.068 1.571
17.512 33.090 1.571
17.512 33.113 1.571
17.512 33.135 1.571
17.512 33.157 1.571
17.512 33.179 1.571
17.512 33.201 1.571
17.512 33.224 1.571
17.512 33.246 1.571
17.512 33.268 1.571
17.512 33.290 1.571
17.512 33.313 1.571
17.512 33.335 1.571
17.512 33.357 1.571
17.512 33.379 1.571
17.512 33.401 1.571
17.512 33.424 1.571
17.512 33.446 1.571
17.512 33.468 1.571
17.512 33.490 1.571
17.512 33.513 1.571
17.512 33.535 1.571
17.512 33.557 1.571
17.512 33.579 1.571
17.512 33.601 1.571
17.512 33.624 1.571
17.512 33.646 1.571
17.512 33.668 1.571
17.512 33.690 1.571
17.512 33.713 1.571
17.512 33.735 1.571
17.512 33.757 1.571
17.512 33.779 1.571
17.512 33.801 1.571
17.512 33.824 1.571
17.512 33.846 1.571
17.512 33.868 1.571
17.512 33.890 1.571
17.512 33.913 1.571
17.512 33.935 1.571
17.512 33.957 1.571
17.512 33.979 1.571
17.512 34.001 1.571
17.512 34.024 1.571
17.512 34.046 1.571
17.512 34.068 1.571
17.512 34.090 1.571
17.512 34.113 1.571
17.512 34.135 1.571
17.512 34.157 1.571
17.512 34.179 1.571
17.512 34.201 1.571
17.512 34.224 1.571
17.512 34.246 1.571
17.512 34.268 1.571
17.512 34.290 1.571
17.512 34.313 1.571
17.512 34.335 1.571
17.512 34.357 1.571
17.512 34.379 1.571
17.512 34.401 1.571
17.512 34.424 1.571
17.512 34.446 1.571
17.512 34.468 1.571
17.512 34.490 1.571
17.512 34.513 1.571
17.512 34.535 1.571
17.512 34.557 1.571
17.512 34.579 1.571
17.512 34.601 1.571
17.512 34.624 1.571
17.512 34.646 1.571
17.512 34.668 1.571
17.512 34.690 1.571
17.512 34.713 1.571
17.512 34.735 1.571
17.512 34.757 1.571
17.512 34.779 1.571
17.512 34.801 1.571
17.512 34.824 1.571
17.512 34.846 1.571
17.512 34.868 1.571
17.512 34.890 1.571
17.512 34.913 1.571
17.512 34.935 1.571
17.512 34.957 1.571
17.512 34.979 1.571
17.512 35.001 1.571
17.512 35.024 1.571
17.512 35.046 1.571
17.512 35.068 1.571
17.512 35.090 1.571
17.512 35.113 1.571
17.512 35.135 1.571
17.512 35.157 1.571
17.512 35.179 1.571
17.512 35.201 1.571
17.512 35.224 1.571
17.512 35.246 1.571
17.512 35.268 1.571
17.512 35.290 1.571
17.512 35.313 1.571
17.512 35.315 1.571
17.512 35.318 1.571
17.512 35.321 1.571
17.512 35.324 1.571
17.512 35.326 1.571
17.512 35.329 1.571
17.512 35.332 1.571
17.512 35.335 1.571
17.512 35.338 1.571
17.512 35.340 1.571
17.512 35.343 1.571
17.512 35.346 1.571
17.512 35.349 1.571
17.512 35.351 1.571
17.512 35.354 1.571
17.512 35.357 1.571
17.512 35.360 1.571
17.512 35.363 1.571
17.512 35.365 1.571
17.512 35.368 1.571
17.512 35.371 1.571
17.512 35.374 1.571
17.512 35.376 1.571
17.512 35.379 1.571
17.512 35.382 1.571
17.512 35.385 1.571
17.512 35.388 1.571
17.512 35.390 1.571
17.512 35.393 1.571
17.512 35.396 1.571
17.512 35.399 1.571
17.512 35.401 1.571
17.512 35.404 1.571
17.512 35.407 1.571
17.512 35.410 1.571
17.512 35.413 1.571
17.512 35.415 1.571
17.512 35.418 1.571
17.512 35.421 1.571
17.512 35.424 1.571
17.512 35.426 1.571
17.512 35.429 1.571
17.512 35.432 1.571
17.512 35.435 1.571
17.512 35.438 1.571
17.512 35.440 1.571
17.512 35.443 1.571
17.512 35.446 1.571
17.512 35.449 1.571
17.512 35.451 1.571
17.512 35.454 1.571
17.512 35.457 1.571
17.512 35.460 1.571
17.512 35.463 1.571
17.512 35.465 1.571
17.512 35.468 1.571
17.512 35.471 1.571
17.512 35.474 1.571
17.512 35.476 1.571
17.512 35.479 1.571
17.512 35.482 1.571
17.512 35.485 1.571
17.512 35.488 1.571
17.512 35.510 1.571
17.512 35.533 1.571
17.512 35.555 1.571
17.513 35.578 1.522
17.515 35.600 1.453
17.518 35.623 1.384
17.523 35.645 1.316
17.530 35.666 1.247
17.538 35.688 1.178
17.546 35.704 1.178
17.554 35.721 1.178
17.562 35.738 1.178
17.571 35.754 1.178
17.579 35.771 1.178
17.588 35.788 1.178
17.596 35.804 1.178
17.604 35.821 1.178
17.613 35.838 1.178
17.621 35.854 1.178
17.629 35.871 1.178
17.637 35.888 1.178
17.646 35.904 1.178
17.654 35.921 1.178
17.663 35.938 1.178
17.671 35.954 1.178
17.679 35.971 1.178
17.688 35.988 1.178
17.696 36.004 1.178
17.704 36.021 1.178
17.712 36.038 1.178
17.721 36.054 1.178
17.729 36.071 1.178
17.738 36.088 1.178
17.746 36.104 1.178
17.754 36.121 1.178
17.762 36.138 1.178
17.771 36.154 1.178
17.779 36.171 1.178
17.787 36.188 1.178
17.796 36.204 1.178
17.804 36.221 1.178
17.812 36.238 1.178
17.821 36.254 1.178
17.829 36.271 1.178
17.837 36.288 1.178
17.846 36.304 1.178
17.854 36.321 1.178
17.862 36.337 1.178
17.871 36.354 1.178
17.879 36.371 1.178
17.887 36.388 1.178
17.896 36.404 1.178
17.904 36.421 1.178
17.913 36.438 1.178
17.921 36.454 1.178
17.929 36.471 1.178
17.938 36.488 1.178
17.946 36.504 1.178
17.954 36.521 1.178
17.963 36.538 1.178
17.971 36.554 1.178
17.979 36.571 1.178
17.988 36.588 1.178
17.996 36.604 1.178
18.004 36.621 1.178
18.012 36.638 1.178
18.021 36.654 1.178
18.029 36.671 1.178
18.038 36.688 1.178
18.046 36.704 1.178
18.054 36.721 1.178
18.062 36.738 1.178
18.071 36.754 1.178
18.079 36.771 1.178
18.087 36.788 1.178
18.096 36.804 1.178
18.104 36.821 1.178
18.113 36.838 1.178
18.121 36.854 1.178
18.129 36.871 1.178
18.137 36.888 1.178
18.146 36.904 1.178
18.154 36.921 1.178
18.162 36.938 1.178
18.171 36.954 1.178
18.179 36.971 1.178
18.188 36.988 1.178
18.196 37.004 1.178
18.204 37.021 1.178
18.212 37.038 1.178
18.221 37.054 1.178
18.229 37.071 1.178
18.237 37.087 1.178
18.246 37.104 1.178
18.254 37.121 1.178
18.262 37.138 1.178
18.271 37.154 1.178
18.279 37.171 1.178
18.288 37.188 1.178
18.296 37.204 1.178
18.304 37.221 1.178
18.312 37.238 1.178
18.321 37.254 1.178
18.329 37.271 1.178
18.338 37.288 1.178
18.346 37.304 1.178
18.354 37.321 1.178
18.363 37.338 1.178
18.371 37.354 1.178
18.379 37.371 1.178
18.387 37.388 1.178
18.396 37.404 1.178
18.404 37.421 1.178
18.413 37.438 1.178
18.421 37.454 1.178
18.429 37.471 1.178
18.438 37.488 1.178
18.446 37.504 1.178
18.454 37.521 1.178
18.462 37.538 1.178
18.471 37.554 1.178
18.479 37.571 1.178
18.488 37.588 1.178
18.496 37.604 1.178
18.504 37.621 1.178
18.512 37.638 1.178
18.520 37.656 1.178
18.528 37.675 1.178
18.536 37.694 1.178
18.544 37.713 1.197
18.550 37.732 1.272
18.556 37.752 1.347
18.559 37.772 1.421
18.562 37.792 1.496
18.562 37.813 1.571
18.562 37.815 1.571
18.562 37.818 1.571
18.562 37.821 1.571
18.562 37.824 1.571
18.562 37.826 1.571
18.562 37.829 1.571
18.562 37.832 1.571
18.562 37.835 1.571
18.562 37.838 1.571
18.562 37.840 1.571
18.562 37.843 1.571
18.562 37.846 1.571
18.562 37.849 1.571
18.562 37.851 1.571
18.562 37.854 1.571
18.562 37.857 1.571
18.562 37.860 1.571
18.562 37.863 1.571
18.562 37.865 1.571
18.562 37.868 1.571
18.562 37.871 1.571
18.562 37.874 1.571
18.562 37.876 1.571
18.562 37.879 1.571
18.562 37.882 1.571
18.562 37.885 1.571
18.562 37.888 1.571
18.562 37.890 1.571
18.562 37.893 1.571
18.562 37.896 1.571
18.562 37.899 1.571
18.562 37.901 1.571
18.562 37.904 1.571
18.562 37.907 1.571
18.562 37.910 1.571
18.562 37.913 1.571
18.562 37.915 1.571
18.562 37.918 1.571
18.562 37.921 1.571
18.562 37.924 1.571
18.562 37.926 1.571
18.562 37.929 1.571
18.562 37.932 1.571
18.562 37.935 1.571
18.562 37.938 1.571
18.562 37.960 1.571
18.562 37.982 1.571
18.562 38.004 1.571
18.562 38.026 1.571
18.562 38.049 1.571
18.562 38.071 1.571
18.562 38.093 1.571
18.562 38.115 1.571
18.562 38.138 1.571
18.562 38.160 1.571
18.562 38.182 1.571
18.562 38.204 1.571
18.562 38.226 1.571
18.562 38.249 1.571
18.562 38.271 1.571
18.562 38.293 1.571
18.562 38.315 1.571
18.562 38.338 1.571
18.562 38.360 1.571
18.562 38.382 1.571
18.562 38.404 1.571
18.562 38.426 1.571
18.562 38.449 1.571
18.562 38.471 1.571
18.562 38.493 1.571
18.562 38.515 1.571
18.562 38.538 1.571
18.562 38.560 1.571
18.562 38.582 1.571
18.562 38.604 1.571
18.562 38.626 1.571
18.562 38.649 1.571
18.562 38.671 1.571
18.562 38.693 1.571
18.562 38.715 1.571
18.562 38.738 1.571
18.562 38.760 1.571
18.562 38.782 1.571
18.562 38.804 1.571
18.562 38.826 1.571
18.562 38.849 1.571
18.562 38.871 1.571
18.562 38.893 1.571
18.562 38.915 1.571
18.562 38.938 1.571
18.562 38.960 1.571
18.562 38.982 1.571
18.562 39.004 1.571
18.562 39.026 1.571
18.562 39.049 1.571
18.562 39.071 1.571
18.562 39.093 1.571
18.562 39.115 1.571
18.562 39.138 1.571
18.562 39.160 1.571
18.562 39.182 1.571
18.562 39.204 1.571
18.562 39.226 1.571
18.562 39.249 1.571
18.562 39.271 1.571
18.562 39.293 1.571
18.562 39.315 1.571
18.562 39.338 1.571
18.562 39.360 1.571
18.562 39.382 1.571
18.562 39.404 1.571
18.562 39.426 1.571
18.562 39.449 1.571
18.562 39.471 1.571
18.562 39.493 1.571
18.562 39.515 1.571
18.562 39.538 1.571
18.562 39.560 1.571
18.562 39.582 1.571
18.562 39.604 1.571
18.562 39.626 1.571
18.562 39.649 1.571
18.562 39.671 1.571
18.562 39.693 1.571
18.562 39.715 1.571
18.562 39.738 1.571
18.562 39.760 1.571
18.562 39.782 1.571
18.562 39.804 1.571
18.562 39.826 1.571
18.562 39.849 1.571
18.562 39.871 1.571
18.562 39.893 1.571
18.562 39.915 1.571
18.562 39.938 1.571
18.562 39.960 1.571
18.562 39.982 1.571
18.562 40.004 1.571
18.562 40.026 1.571
18.562 40.049 1.571
18.562 40.071 1.571
18.562 40.093 1.571
18.562 40.115 1.571
18.562 40.138 1.571
18.562 40.160 1.571
18.562 40.182 1.571
18.562 40.204 1.571
18.562 40.226 1.571
18.562 40.249 1.571
18.562 40.271 1.571
18.562 40.293 1.571
18.562 40.315 1.571
18.562 40.338 1.571
18.562 40.360 1.571
18.562 40.382 1.571
18.562 40.404 1.571
18.562 40.426 1.571
18.562 40.449 1.571
18.562 40.471 1.571
18.562 40.493 1.571
18.562 40.515 1.571
18.562 40.538 1.571
18.562 40.560 1.571
18.562 40.582 1.571
18.562 40.604 1.571
18.562 40.626 1.571
18.562 40.649 1.571
18.562 40.671 1.571
18.562 40.693 1.571
18.562 40.715 1.571
18.562 40.738 1.571
18.562 40.760 1.571
18.562 40.782 1.571
18.562 40.804 1.571
18.562 40.826 1.571
18.562 40.849 1.571
18.562 40.871 1.571
18.562 40.893 1.571
18.562 40.915 1.571
18.562 40.938 1.571
18.562 40.960 1.571
18.562 40.982 1.571
18.562 41.004 1.571
18.562 41.026 1.571
18.562 41.049 1.571
18.562 41.071 1.571
18.562 41.093 1.571
18.562 41.115 1.571
18.562 41.138 1.571
18.562 41.160 1.571
18.562 41.182 1.571
18.562 41.204 1.571
18.562 41.226 1.571
18.562 41.249 1.571
18.562 41.271 1.571
18.562 41.293 1.571
18.562 41.315 1.571
18.562 41.338 1.571
18.562 41.360 1.571
18.562 41.383 1.571
18.562 41.405 1.571
18.563 41.428 1.522
18.565 41.450 1.453
18.568 41.473 1.384
18.573 41.495 1.316
18.580 41.516 1.247
18.587 41.538 1.178
18.590 41.543 1.178
18.593 41.549 1.178
18.596 41.554 1.178
18.599 41.560 1.178
18.601 41.565 1.178
18.604 41.571 1.178
18.607 41.576 1.178
18.610 41.582 1.178
18.613 41.588 1.178
18.621 41.604 1.178
18.629 41.621 1.178
18.637 41.638 1.178
18.646 41.654 1.178
18.654 41.671 1.178
18.663 41.688 1.178
18.671 41.704 1.178
18.679 41.721 1.178
18.688 41.738 1.178
18.697 41.752 1.148
18.706 41.767 1.117
18.717 41.782 1.087
18.727 41.796 1.057
18.738 41.810 1.027
18.750 41.823 0.996
18.762 41.837 0.966
18.775 41.850 0.936
18.788 41.863 0.785
18.804 41.879 0.785
18.821 41.896 0.785
18.838 41.913 0.785
18.854 41.929 0.785
18.871 41.946 0.785
18.888 41.963 0.785
18.904 41.979 0.785
18.921 41.996 0.785
18.938 42.013 0.785
18.954 42.029 0.785
18.971 42.046 0.785
18.988 42.062 0.785
19.004 42.079 0.785
19.021 42.096 0.785
19.038 42.113 0.785
19.054 42.129 0.785
19.071 42.146 0.785
19.087 42.163 0.785
19.104 42.180 0.785
19.122 42.196 0.756
19.140 42.213 0.704
19.158 42.228 0.652
19.178 42.242 0.600
19.198 42.255 0.548
19.219 42.267 0.496
19.240 42.278 0.445
19.262 42.288 0.393
19.268 42.290 0.393
19.274 42.293 0.393
19.279 42.296 0.393
19.285 42.299 0.393
19.290 42.301 0.393
19.296 42.304 0.393
19.301 42.307 0.393
19.307 42.310 0.393
19.312 42.313 0.393
19.318 42.315 0.393
19.324 42.318 0.393
19.329 42.321 0.393
19.335 42.324 0.393
19.340 42.326 0.393
19.346 42.329 0.393
19.351 42.332 0.393
19.357 42.335 0.393
19.363 42.338 0.393
19.379 42.346 0.393
19.396 42.354 0.393
19.413 42.363 0.393
19.429 42.371 0.393
19.446 42.379 0.393
19.463 42.388 0.393
19.479 42.396 0.393
19.496 42.404 0.393
19.512 42.413 0.393
19.529 42.421 0.393
19.546 42.429 0.393
19.562 42.438 0.393
19.579 42.446 0.393
19.596 42.454 0.393
19.613 42.463 0.393
19.629 42.471 0.393
19.646 42.479 0.393
19.663 42.488 0.393
19.679 42.496 0.393
19.696 42.504 0.393
19.713 42.513 0.393
19.729 42.521 0.393
19.746 42.529 0.393
19.763 42.538 0.393
19.779 42.546 0.393
19.796 42.554 0.393
19.812 42.563 0.393
19.829 42.571 0.393
19.846 42.579 0.393
19.863 42.588 0.393
19.879 42.596 0.393
19.896 42.604 0.393
19.913 42.613 0.393
19.929 42.621 0.393
19.946 42.629 0.393
19.963 42.638 0.393
19.979 42.646 0.393
19.996 42.654 0.393
20.013 42.663 0.393
20.029 42.671 0.393
20.046 42.679 0.393
20.063 42.688 0.393
20.079 42.696 0.393
20.096 42.704 0.393
20.113 42.713 0.393
20.129 42.721 0.393
20.146 42.729 0.393
20.163 42.738 0.393
20.179 42.746 0.393
20.196 42.754 0.393
20.213 42.763 0.393
20.229 42.771 0.393
20.246 42.779 0.393
20.262 42.788 0.393
20.279 42.796 0.393
20.296 42.804 0.393
20.312 42.813 0.393
20.329 42.821 0.393
20.346 42.829 0.393
20.363 42.838 0.393
20.379 42.846 0.393
20.396 42.854 0.393
20.413 42.863 0.393
20.429 42.871 0.393
20.446 42.879 0.393
20.463 42.888 0.393
20.479 42.896 0.393
20.496 42.904 0.393
20.513 42.913 0.393
20.529 42.921 0.393
20.546 42.929 0.393
20.562 42.938 0.393
20.579 42.946 0.393
20.596 42.954 0.393
20.613 42.963 0.393
20.629 42.971 0.393
20.646 42.979 0.393
20.663 42.988 0.393
20.679 42.996 0.393
20.696 43.004 0.393
20.713 43.013 0.393
20.729 43.021 0.393
20.746 43.029 0.393
20.763 43.038 0.393
20.779 43.046 0.393
20.796 43.054 0.393
20.813 43.062 0.393
20.829 43.071 0.393
20.846 43.079 0.393
20.863 43.088 0.393
20.879 43.096 0.393
20.896 43.104 0.393
20.913 43.113 0.393
20.929 43.121 0.393
20.946 43.129 0.393
20.963 43.138 0.393
20.979 43.146 0.393
20.996 43.154 0.393
21.012 43.163 0.393
21.031 43.170 0.393
21.050 43.178 0.393
21.069 43.186 0.393
21.088 43.194 0.374
21.107 43.200 0.299
21.127 43.206 0.224
21.147 43.210 0.149
21.167 43.212 0.075
21.188 43.213 0.000
21.190 43.213 0.000
21.193 43.213 0.000
21.196 43.213 0.000
21.199 43.213 0.000
21.201 43.213 0.000
21.204 43.213 0.000
21.207 43.213 0.000
21.210 43.213 0.000
21.213 43.213 0.000
21.215 43.213 0.000
21.218 43.213 0.000
21.221 43.213 0.000
21.224 43.213 0.000
21.226 43.213 0.000
21.229 43.213 0.000
21.232 43.213 0.000
21.235 43.213 0.000
21.238 43.213 0.000
21.240 43.213 0.000
21.243 43.213 0.000
21.246 43.213 0.000
21.249 43.213 0.000
21.251 43.213 0.000
21.254 43.213 0.000
21.257 43.213 0.000
21.260 43.213 0.000
21.262 43.213 0.000
21.265 43.213 0.000
21.268 43.213 0.000
21.271 43.213 0.000
21.274 43.213 0.000
21.276 43.213 0.000
21.279 43.213 0.000
21.282 43.213 0.000
21.285 43.213 0.000
21.288 43.213 0.000
21.290 43.213 0.000
21.293 43.213 0.000
21.296 43.213 0.000
21.299 43.213 0.000
21.301 43.213 0.000
21.304 43.213 0.000
21.307 43.213 0.000
21.310 43.213 0.000
21.312 43.213 0.000
21.315 43.213 0.000
21.318 43.213 0.000
21.321 43.213 0.000
21.324 43.213 0.000
21.326 43.213 0.000
21.329 43.213 0.000
21.332 43.213 0.000
21.335 43.213 0.000
21.338 43.213 0.000
21.340 43.213 0.000
21.343 43.213 0.000
21.346 43.213 0.000
21.349 43.213 0.000
21.351 43.213 0.000
21.354 43.213 0.000
21.357 43.213 0.000
21.360 43.213 0.000
21.363 43.213 0.000
21.385 43.213 0.000
21.407 43.213 0.000
21.429 43.213 0.000
21.451 43.213 0.000
21.474 43.213 0.000
21.496 43.213 0.000
21.518 43.213 0.000
21.540 43.213 0.000
21.562 43.213 0.000
21.585 43.213 0.000
21.607 43.213 0.000
21.629 43.213 0.000
21.651 43.213 0.000
21.674 43.213 0.000
21.696 43.213 0.000
21.718 43.213 0.000
21.740 43.213 0.000
21.762 43.213 0.000
21.785 43.213 0.000
21.807 43.213 0.000
21.829 43.213 0.000
21.851 43.213 0.000
21.874 43.213 0.000
21.896 43.213 0.000
21.918 43.213 0.000
21.940 43.213 0.000
21.963 43.213 0.000
21.985 43.213 0.000
22.007 43.213 0.000
22.029 43.213 0.000
22.051 43.213 0.000
22.074 43.213 0.000
22.096 43.213 0.000
22.118 43.213 0.000
22.140 43.213 0.000
22.163 43.213 0.000
22.185 43.213 0.000
22.207 43.213 0.000
22.229 43.213 0.000
22.251 43.213 0.000
22.274 43.213 0.000
22.296 43.213 0.000
22.318 43.213 0.000
22.340 43.213 0.000
22.363 43.213 0.000
22.385 43.213 0.000
22.407 43.213 0.000
22.429 43.213 0.000
22.451 43.213 0.000
22.474 43.213 0.000
22.496 43.213 0.000
22.518 43.213 0.000
22.540 43.213 0.000
22.562 43.213 0.000
22.585 43.213 0.000
22.607 43.213 0.000
22.629 43.213 0.000
22.651 43.213 0.000
22.674 43.213 0.000
22.696 43.213 0.000
22.718 43.213 0.000
22.740 43.213 0.000
22.762 43.213 0.000
22.785 43.213 0.000
22.807 43.213 0.000
22.829 43.213 0.000
22.851 43.213 0.000
22.874 43.213 0.000
22.896 43.213 0.000
22.918 43.213 0.000
22.940 43.213 0.000
22.963 43.213 0.000
22.985 43.213 0.000
23.007 43.213 0.000
23.029 43.213 0.000
23.051 43.213 0.000
23.074 43.213 0.000
23.096 43.213 0.000
23.118 43.213 0.000
23.140 43.213 0.000
23.163 43.213 0.000
23.185 43.213 0.000
23.207 43.213 0.000
23.229 43.213 0.000
23.251 43.213 0.000
23.274 43.213 0.000
23.296 43.213 0.000
23.318 43.213 0.000
23.340 43.213 0.000
23.363 43.213 0.000
23.385 43.213 0.000
23.407 43.213 0.000
23.429 43.213 0.000
23.451 43.213 0.000
23.474 43.213 0.000
23.496 43.213 0.000
23.518 43.213 0.000
23.540 43.213 0.000
23.562 43.213 0.000
23.585 43.213 0.000
23.607 43.213 0.000
23.629 43.213 0.000
23.651 43.213 0.000
23.674 43.213 0.000
23.696 43.213 0.000
23.718 43.213 0.000
23.740 43.213 0.000
23.762 43.213 0.000
23.785 43.213 0.000
23.807 43.213 0.000
23.829 43.213 0.000
23.851 43.213 0.000
23.874 43.213 0.000
23.896 43.213 0.000
23.918 43.213 0.000
23.940 43.213 0.000
23.963 43.213 0.000
23.985 43.213 0.000
24.007 43.213 0.000
24.029 43.213 0.000
24.051 43.213 0.000
24.074 43.213 0.000
24.096 43.213 0.000
24.118 43.213 0.000
24.140 43.213 0.000
24.163 43.213 0.000
24.185 43.213 0.000
24.207 43.213 0.000
24.229 43.213 0.000
24.251 43.213 0.000
24.274 43.213 0.000
24.296 43.213 0.000
24.318 43.213 0.000
24.340 43.213 0.000
24.363 43.213 0.000
24.385 43.213 0.000
24.407 43.213 0.000
24.429 43.213 0.000
24.451 43.213 0.000
24.474 43.213 0.000
24.496 43.213 0.000
24.518 43.213 0.000
24.540 43.213 0.000
24.562 43.213 0.000
24.585 43.213 0.000
24.607 43.213 0.000
24.629 43.213 0.000
24.651 43.213 0.000
24.674 43.213 0.000
24.696 43.213 0.000
24.718 43.213 0.000
24.740 43.213 0.000
24.762 43.213 0.000
24.785 43.213 0.000
24.807 43.213 0.000
24.829 43.213 0.000
24.851 43.213 0.000
24.874 43.213 0.000
24.896 43.213 0.000
24.918 43.213 0.000
24.940 43.213 0.000
24.963 43.213 0.000
24.985 43.213 0.000
25.007 43.213 0.000
25.029 43.213 0.000
25.051 43.213 0.000
25.074 43.213 0.000
25.096 43.213 0.000
25.118 43.213 0.000
25.140 43.213 0.000
25.163 43.213 0.000
25.185 43.213 0.000
25.207 43.213 0.000
25.229 43.213 0.000
25.251 43.213 0.000
25.274 43.213 0.000
25.296 43.213 0.000
25.318 43.213 0.000
25.340 43.213 0.000
25.363 43.213 0.000
25.385 43.213 0.000
25.407 43.213 0.000
25.429 43.213 0.000
25.451 43.213 0.000
25.474 43.213 0.000
25.496 43.213 0.000
25.518 43.213 0.000
25.540 43.213 0.000
25.562 43.213 0.000
25.585 43.213 0.000
25.607 43.213 0.000
25.629 43.213 0.000
25.651 43.213 0.000
25.674 43.213 0.000
25.696 43.213 0.000
25.718 43.213 0.000
25.740 43.213 0.000
25.762 43.213 0.000
25.785 43.213 0.000
25.807 43.213 0.000
25.829 43.213 0.000
25.851 43.213 0.000
25.874 43.213 0.000
25.896 43.213 0.000
25.918 43.213 0.000
25.940 43.213 0.000
25.963 43.213 0.000
25.985 43.213 0.000
26.007 43.213 0.000
26.029 43.213 0.000
26.051 43.213 0.000
26.074 43.213 0.000
26.096 43.213 0.000
26.118 43.213 0.000
26.140 43.213 0.000
26.163 43.213 0.000
26.185 43.213 0.000
26.207 43.213 0.000
26.229 43.213 0.000
26.251 43.213 0.000
26.274 43.213 0.000
26.296 43.213 0.000
26.318 43.213 0.000
26.340 43.213 0.000
26.363 43.213 0.000
26.385 43.213 0.000
26.407 43.213 0.000
26.429 43.213 0.000
26.451 43.213 0.000
26.474 43.213 0.000
26.496 43.213 0.000
26.518 43.213 0.000
26.540 43.213 0.000
26.562 43.213 0.000
26.585 43.213 0.000
26.607 43.213 0.000
26.629 43.213 0.000
26.651 43.213 0.000
26.674 43.213 0.000
26.696 43.213 0.000
26.718 43.213 0.000
26.740 43.213 0.000
26.762 43.213 0.000
26.785 43.213 0.000
26.807 43.213 0.000
26.829 43.213 0.000
26.851 43.213 0.000
26.874 43.213 0.000
26.896 43.213 0.000
26.918 43.213 0.000
26.940 43.213 0.000
26.963 43.213 0.000
26.965 43.213 0.000
26.968 43.213 0.000
26.971 43.213 0.000
26.974 43.213 0.000
26.976 43.213 0.000
26.979 43.213 0.000
26.982 43.213 0.000
26.985 43.213 0.000
26.988 43.213 0.000
26.990 43.213 0.000
26.993 43.213 0.000
26.996 43.213 0.000
26.999 43.213 0.000
27.001 43.213 0.000
27.004 43.213 0.000
27.007 43.213 0.000
27.010 43.213 0.000
27.012 43.213 0.000
27.015 43.213 0.000
27.018 43.213 0.000
27.021 43.213 0.000
27.024 43.213 0.000
27.026 43.213 0.000
27.029 43.213 0.000
27.032 43.213 0.000
27.035 43.213 0.000
27.038 43.213 0.000
27.040 43.213 0.000
27.043 43.213 0.000
27.046 43.213 0.000
27.049 43.213 0.000
27.051 43.213 0.000
27.054 43.213 0.000
27.057 43.213 0.000
27.060 43.213 0.000
27.062 43.213 0.000
27.085 43.213 0.000
27.108 43.213 0.000
27.130 43.213 0.000
27.153 43.212 6.234
27.175 43.210 6.166
27.198 43.207 6.097
27.220 43.202 6.028
27.241 43.195 5.959
27.262 43.188 5.891
27.279 43.179 5.891
27.296 43.171 5.891
27.312 43.163 5.891
27.329 43.154 5.891
27.346 43.146 5.891
27.363 43.138 5.891
27.379 43.129 5.891
27.396 43.121 5.891
27.413 43.113 5.891
27.429 43.104 5.891
27.446 43.096 5.891
27.463 43.088 5.891
27.479 43.079 5.891
27.496 43.071 5.891
27.513 43.063 5.891
27.529 43.054 5.891
27.546 43.046 5.891
27.562 43.038 5.891
27.579 43.029 5.891
27.596 43.021 5.891
27.613 43.013 5.891
27.629 43.004 5.891
27.646 42.996 5.891
27.663 42.988 5.891
27.679 42.979 5.891
27.696 42.971 5.891
27.713 42.963 5.891
27.729 42.954 5.891
27.746 42.946 5.891
27.763 42.938 5.891
27.779 42.929 5.891
27.796 42.921 5.891
27.813 42.913 5.891
27.829 42.904 5.891
27.846 42.896 5.891
27.863 42.888 5.891
27.879 42.879 5.891
27.896 42.871 5.891
27.913 42.863 5.891
27.929 42.854 5.891
27.946 42.846 5.891
27.963 42.838 5.891
27.979 42.829 5.891
27.996 42.821 5.891
28.012 42.813 5.891
28.029 42.804 5.891
28.046 42.796 5.891
28.062 42.788 5.891
28.079 42.779 5.891
28.096 42.771 5.891
28.113 42.763 5.891
28.129 42.754 5.891
28.146 42.746 5.891
28.163 42.738 5.891
28.179 42.729 5.891
28.196 42.721 5.891
28.213 42.713 5.891
28.229 42.704 5.891
28.246 42.696 5.891
28.263 42.688 5.891
28.279 42.679 5.891
28.296 42.671 5.891
28.312 42.663 5.891
28.329 42.654 5.891
28.346 42.646 5.891
28.363 42.638 5.891
28.379 42.629 5.891
28.396 42.621 5.891
28.413 42.613 5.891
28.429 42.604 5.891
28.446 42.596 5.891
28.463 42.588 5.891
28.479 42.579 5.891
28.496 42.571 5.891
28.513 42.563 5.891
28.529 42.554 5.891
28.546 42.546 5.891
28.563 42.538 5.891
28.579 42.529 5.891
28.596 42.521 5.891
28.613 42.513 5.891
28.631 42.505 5.891
28.650 42.497 5.891
28.669 42.489 5.891
28.688 42.481 5.910
28.707 42.475 5.984
28.727 42.469 6.059
28.747 42.466 6.134
28.767 42.463 6.208
28.788 42.463 0.000
28.790 42.463 0.000
28.793 42.463 0.000
28.796 42.463 0.000
28.799 42.463 0.000
28.801 42.463 0.000
28.804 42.463 0.000
28.807 42.463 0.000
28.810 42.463 0.000
28.812 42.463 0.000
28.815 42.463 0.000
28.818 42.463 0.000
28.821 42.463 0.000
28.824 42.463 0.000
28.826 42.463 0.000
28.829 42.463 0.000
28.832 42.463 0.000
28.835 42.463 0.000
28.838 42.463 0.000
28.840 42.463 0.000
28.843 42.463 0.000
28.846 42.463 0.000
28.849 42.463 0.000
28.851 42.463 0.000
28.854 42.463 0.000
28.857 42.463 0.000
28.860 42.463 0.000
28.863 42.463 0.000
28.865 42.463 0.000
28.868 42.463 0.000
28.871 42.463 0.000
28.874 42.463 0.000
28.876 42.463 0.000
28.879 42.463 0.000
28.882 42.463 0.000
28.885 42.463 0.000
28.887 42.463 0.000
28.910 42.463 0.000
28.932 42.463 0.000
28.954 42.463 0.000
28.976 42.463 0.000
28.999 42.463 0.000
29.021 42.463 0.000
29.043 42.463 0.000
29.065 42.463 0.000
29.088 42.463 0.000
29.090 42.463 0.000
29.093 42.463 0.000
29.096 42.463 0.000
29.099 42.463 0.000
29.101 42.463 0.000
29.104 42.463 0.000
29.107 42.463 0.000
29.110 42.463 0.000
29.113 42.463 0.000
29.115 42.463 0.000
29.118 42.463 0.000
29.121 42.463 0.000
29.124 42.463 0.000
29.126 42.463 0.000
29.129 42.463 0.000
29.132 42.463 0.000
29.135 42.463 0.000
29.137 42.463 0.000
29.140 42.463 0.000
29.143 42.463 0.000
29.146 42.463 0.000
29.149 42.463 0.000
29.151 42.463 0.000
29.154 42.463 0.000
29.157 42.463 0.000
29.160 42.463 0.000
29.163 42.463 0.000
29.165 42.463 0.000
29.168 42.463 0.000
29.171 42.463 0.000
29.174 42.463 0.000
29.176 42.463 0.000
29.179 42.463 0.000
29.182 42.463 0.000
29.185 42.463 0.000
29.188 42.463 0.000
29.210 42.463 0.000
29.232 42.463 0.000
29.254 42.463 0.000
29.276 42.463 0.000
29.299 42.463 0.000
29.321 42.463 0.000
29.343 42.463 0.000
29.365 42.463 0.000
29.387 42.463 0.000
29.410 42.463 0.000
29.433 42.463 0.000
29.455 42.463 0.000
29.478 42.463 0.049
29.500 42.465 0.118
29.523 42.468 0.186
29.545 42.473 0.255
29.566 42.480 0.324
29.588 42.488 0.393
29.593 42.490 0.393
29.599 42.493 0.393
29.604 42.496 0.393
29.610 42.499 0.393
29.615 42.501 0.393
29.621 42.504 0.393
29.626 42.507 0.393
29.632 42.510 0.393
29.637 42.513 0.393
29.643 42.515 0.393
29.649 42.518 0.393
29.654 42.521 0.393
29.660 42.524 0.393
29.665 42.526 0.393
29.671 42.529 0.393
29.676 42.532 0.393
29.682 42.535 0.393
29.688 42.538 0.393
29.704 42.546 0.393
29.721 42.554 0.393
29.738 42.563 0.393
29.754 42.571 0.393
29.771 42.579 0.393
29.788 42.588 0.393
29.804 42.596 0.393
29.821 42.604 0.393
29.838 42.613 0.393
29.852 42.622 0.423
29.867 42.631 0.453
29.882 42.642 0.484
29.896 42.652 0.514
29.910 42.663 0.544
29.923 42.675 0.575
29.937 42.687 0.605
29.950 42.700 0.635
29.963 42.713 0.785
29.979 42.729 0.785
29.996 42.746 0.785
30.013 42.763 0.785
30.029 42.779 0.785
30.046 42.796 0.785
30.063 42.813 0.785
30.079 42.829 0.785
30.096 42.846 0.785
30.113 42.863 0.785
30.129 42.879 0.785
30.146 42.896 0.785
30.163 42.913 0.785
30.179 42.929 0.785
30.196 42.946 0.785
30.213 42.963 0.785
30.229 42.979 0.785
30.246 42.996 0.785
30.262 43.013 0.785
30.279 43.030 0.785
30.296 43.047 0.815
30.312 43.065 0.867
30.328 43.083 0.919
30.342 43.103 0.971
30.355 43.123 1.022
30.367 43.144 1.074
30.378 43.166 1.126
30.387 43.188 1.178
30.390 43.193 1.178
30.393 43.199 1.178
30.396 43.204 1.178
30.399 43.210 1.178
30.401 43.215 1.178
30.404 43.221 1.178
30.407 43.226 1.178
30.410 43.232 1.178
30.413 43.238 1.178
30.415 43.243 1.178
30.418 43.249 1.178
30.421 43.254 1.178
30.424 43.260 1.178
30.426 43.265 1.178
30.429 43.271 1.178
30.432 43.276 1.178
30.435 43.282 1.178
30.438 43.288 1.178
30.446 43.304 1.178
30.454 43.321 1.178
30.462 43.338 1.178
30.471 43.354 1.178
30.479 43.371 1.178
30.488 43.388 1.178
30.496 43.404 1.178
30.504 43.421 1.178
30.512 43.438 1.178
30.520 43.456 1.178
30.528 43.475 1.178
30.536 43.494 1.178
30.544 43.513 1.197
30.550 43.532 1.272
30.556 43.552 1.347
30.559 43.572 1.421
30.562 43.592 1.496
30.562 43.613 1.571
30.562 43.615 1.571
30.562 43.618 1.571
30.562 43.621 1.571
30.562 43.624 1.571
30.562 43.626 1.571
30.562 43.629 1.571
30.562 43.632 1.571
30.562 43.635 1.571
30.562 43.638 1.571
30.562 43.640 1.571
30.562 43.643 1.571
30.562 43.646 1.571
30.562 43.649 1.571
30.562 43.651 1.571
30.562 43.654 1.571
30.562 43.657 1.571
30.562 43.660 1.571
30.562 43.663 1.571
30.562 43.665 1.571
30.562 43.668 1.571
30.562 43.671 1.571
30.562 43.674 1.571
30.562 43.676 1.571
30.562 43.679 1.571
30.562 43.682 1.571
30.562 43.685 1.571
30.562 43.688 1.571
30.562 43.690 1.571
30.562 43.693 1.571
30.562 43.696 1.571
30.562 43.699 1.571
30.562 43.701 1.571
30.562 43.704 1.571
30.562 43.707 1.571
30.562 43.710 1.571
30.562 43.713 1.571
30.562 43.735 1.571
30.562 43.757 1.571
30.562 43.779 1.571
30.562 43.801 1.571
30.562 43.824 1.571
30.562 43.846 1.571
30.562 43.868 1.571
30.562 43.890 1.571
30.562 43.913 1.571
30.562 43.935 1.571
30.562 43.957 1.571
30.562 43.979 1.571
30.562 44.001 1.571
30.562 44.024 1.571
30.562 44.046 1.571
30.562 44.068 1.571
30.562 44.090 1.571
30.562 44.113 1.571
30.562 44.135 1.571
30.562 44.157 1.571
30.562 44.179 1.571
30.562 44.201 1.571
30.562 44.224 1.571
30.562 44.246 1.571
30.562 44.268 1.571
30.562 44.290 1.571
30.562 44.313 1.571
30.562 44.335 1.571
30.562 44.357 1.571
30.562 44.379 1.571
30.562 44.401 1.571
30.562 44.424 1.571
30.562 44.446 1.571
30.562 44.468 1.571
30.562 44.490 1.571
30.562 44.513 1.571
30.562 44.535 1.571
30.562 44.557 1.571
30.562 44.579 1.571
30.562 44.601 1.571
30.562 44.624 1.571
30.562 44.646 1.571
30.562 44.668 1.571
30.562 44.690 1.571
30.562 44.713 1.571
30.562 44.735 1.571
30.562 44.757 1.571
30.562 44.779 1.571
30.562 44.801 1.571
30.562 44.824 1.571
30.562 44.846 1.571
30.562 44.868 1.571
30.562 44.890 1.571
30.562 44.913 1.571
30.562 44.935 1.571
30.562 44.957 1.571
30.562 44.979 1.571
30.562 45.001 1.571
30.562 45.024 1.571
30.562 45.046 1.571
30.562 45.068 1.571
30.562 45.090 1.571
30.562 45.113 1.571
30.562 45.135 1.571
30.562 45.157 1.571
30.562 45.179 1.571
30.562 45.201 1.571
30.562 45.224 1.571
30.562 45.246 1.571
30.562 45.268 1.571
30.562 45.290 1.571
30.562 45.313 1.571
30.562 45.335 1.571
30.562 45.358 1.571
30.562 45.380 1.571
30.563 45.403 1.522
30.565 45.425 1.453
30.568 45.448 1.384
30.573 45.470 1.316
30.580 45.491 1.247
30.588 45.513 1.178
30.590 45.518 1.178
30.593 45.524 1.178
30.596 45.529 1.178
30.599 45.535 1.178
30.601 45.540 1.178
30.604 45.546 1.178
30.607 45.551 1.178
30.610 45.557 1.178
30.613 45.563 1.178
30.621 45.579 1.178
30.629 45.596 1.178
30.637 45.613 1.178
30.646 45.629 1.178
30.654 45.646 1.178
30.663 45.663 1.178
30.671 45.679 1.178
30.679 45.696 1.178
30.688 45.713 1.178
30.697 45.727 1.148
30.706 45.742 1.117
30.717 45.757 1.087
30.727 45.771 1.057
30.738 45.785 1.027
30.750 45.798 0.996
30.762 45.812 0.966
30.775 45.825 0.936
30.788 45.838 0.785
30.804 45.854 0.785
30.821 45.871 0.785
30.838 45.888 0.785
30.854 45.904 0.785
30.871 45.921 0.785
30.888 45.938 0.785
30.904 45.954 0.785
30.921 45.971 0.785
30.938 45.988 0.785
30.954 46.004 0.785
30.971 46.021 0.785
30.988 46.038 0.785
31.004 46.054 0.785
31.021 46.071 0.785
31.038 46.088 0.785
31.054 46.104 0.785
31.071 46.121 0.785
31.088 46.138 0.785
31.105 46.155 0.785
31.122 46.171 0.756
31.140 46.188 0.704
31.158 46.203 0.652
31.178 46.217 0.600
31.198 46.230 0.548
31.219 46.242 0.496
31.241 46.253 0.445
31.262 46.263 0.393
31.268 46.265 0.393
31.274 46.268 0.393
31.279 46.271 0.393
31.285 46.274 0.393
31.290 46.276 0.393
31.296 46.279 0.393
31.301 46.282 0.393
31.307 46.285 0.393
31.312 46.288 0.393
31.329 46.296 0.393
31.346 46.304 0.393
31.363 46.313 0.393
31.379 46.321 0.393
31.396 46.329 0.393
31.413 46.338 0.393
31.429 46.346 0.393
31.446 46.354 0.393
31.463 46.363 0.393
31.479 46.371 0.393
31.496 46.379 0.393
31.513 46.388 0.393
31.529 46.396 0.393
31.546 46.404 0.393
31.563 46.413 0.393
31.579 46.421 0.393
31.596 46.429 0.393
31.613 46.438 0.393
31.629 46.446 0.393
31.646 46.454 0.393
31.663 46.463 0.393
31.679 46.471 0.393
31.696 46.479 0.393
31.713 46.488 0.393
31.729 46.496 0.393
31.746 46.504 0.393
31.762 46.513 0.393
31.781 46.520 0.393
31.800 46.528 0.393
31.819 46.536 0.393
31.838 46.544 0.374
31.857 46.550 0.299
31.877 46.556 0.224
31.897 46.559 0.149
31.917 46.562 0.075
31.938 46.563 0.000
31.940 46.563 0.000
31.943 46.563 0.000
31.946 46.563 0.000
31.949 46.563 0.000
31.951 46.563 0.000
31.954 46.563 0.000
31.957 46.563 0.000
31.960 46.563 0.000
31.963 46.563 0.000
31.965 46.563 0.000
31.968 46.563 0.000
31.971 46.563 0.000
31.974 46.563 0.000
31.976 46.563 0.000
31.979 46.563 0.000
31.982 46.563 0.000
31.985 46.563 0.000
31.988 46.563 0.000
32.010 46.563 0.000
32.032 46.563 0.000
32.054 46.563 0.000
32.076 46.563 0.000
32.099 46.563 0.000
32.121 46.563 0.000
32.143 46.563 0.000
32.165 46.563 0.000
32.188 46.563 0.000
32.210 46.563 0.000
32.232 46.563 0.000
32.254 46.563 0.000
32.276 46.563 0.000
32.299 46.563 0.000
32.321 46.563 0.000
32.343 46.563 0.000
32.365 46.563 0.000
32.388 46.563 0.000
32.410 46.563 0.000
32.432 46.563 0.000
32.454 46.563 0.000
32.476 46.563 0.000
32.499 46.563 0.000
32.521 46.563 0.000
32.543 46.563 0.000
32.565 46.563 0.000
32.588 46.563 0.000
32.610 46.563 0.000
32.632 46.563 0.000
32.654 46.563 0.000
32.676 46.563 0.000
32.699 46.563 0.000
32.721 46.563 0.000
32.743 46.563 0.000
32.765 46.563 0.000
32.788 46.563 0.000
32.810 46.563 0.000
32.832 46.563 0.000
32.854 46.563 0.000
32.876 46.563 0.000
32.899 46.563 0.000
32.921 46.563 0.000
32.943 46.563 0.000
32.965 46.563 0.000
32.988 46.563 0.000
33.010 46.563 0.000
33.032 46.563 0.000
33.054 46.563 0.000
33.076 46.563 0.000
33.099 46.563 0.000
33.121 46.563 0.000
33.143 46.563 0.000
33.165 46.563 0.000
33.188 46.563 0.000
33.210 46.563 0.000
33.233 46.563 0.000
33.255 46.563 0.000
33.278 46.563 0.049
33.300 46.565 0.118
33.323 46.568 0.186
33.345 46.573 0.255
33.366 46.580 0.324
33.388 46.588 0.393
33.393 46.590 0.393
33.399 46.593 0.393
33.404 46.596 0.393
33.410 46.599 0.393
33.415 46.601 0.393
33.421 46.604 0.393
33.426 46.607 0.393
33.432 46.610 0.393
33.438 46.613 0.393
33.443 46.615 0.393
33.449 46.618 0.393
33.454 46.621 0.393
33.460 46.624 0.393
33.465 46.626 0.393
33.471 46.629 0.393
33.476 46.632 0.393
33.482 46.635 0.393
33.488 46.638 0.393
33.504 46.646 0.393
33.521 46.654 0.393
33.538 46.663 0.393
33.554 46.671 0.393
33.571 46.679 0.393
33.588 46.688 0.393
33.604 46.696 0.393
33.621 46.704 0.393
33.638 46.713 0.393
33.652 46.722 0.423
33.667 46.731 0.453
33.681 46.742 0.484
33.696 46.752 0.514
33.710 46.763 0.544
33.723 46.775 0.575
33.737 46.787 0.605
33.750 46.800 0.635
33.763 46.813 0.785
33.779 46.829 0.785
33.796 46.846 0.785
33.812 46.863 0.785
33.829 46.879 0.785
33.846 46.896 0.785
33.863 46.913 0.785
33.879 46.929 0.785
33.896 46.946 0.785
33.913 46.963 0.785
33.929 46.979 0.785
33.946 46.996 0.785
33.962 47.013 0.785
33.979 47.029 0.785
33.996 47.046 0.785
34.013 47.063 0.785
34.029 47.079 0.785
34.046 47.096 0.785
34.063 47.113 0.785
34.080 47.130 0.785
34.096 47.147 0.815
34.113 47.165 0.867
34.128 47.183 0.919
34.142 47.203 0.971
34.155 47.223 1.022
34.167 47.244 1.074
34.178 47.266 1.126
34.188 47.288 1.178
34.190 47.293 1.178
34.193 47.299 1.178
34.196 47.304 1.178
34.199 47.310 1.178
34.201 47.315 1.178
34.204 47.321 1.178
34.207 47.326 1.178
34.210 47.332 1.178
34.213 47.338 1.178
34.221 47.354 1.178
34.229 47.371 1.178
34.238 47.388 1.178
34.246 47.404 1.178
34.254 47.421 1.178
34.263 47.438 1.178
34.271 47.454 1.178
34.279 47.471 1.178
34.288 47.488 1.178
34.296 47.504 1.178
34.304 47.521 1.178
34.312 47.538 1.178
34.321 47.554 1.178
34.329 47.571 1.178
34.337 47.588 1.178
34.346 47.604 1.178
34.354 47.621 1.178
34.363 47.638 1.178
34.371 47.654 1.178
34.379 47.671 1.178
34.388 47.688 1.178
34.396 47.704 1.178
34.404 47.721 1.178
34.413 47.738 1.178
34.421 47.754 1.178
34.429 47.771 1.178
34.438 47.788 1.178
34.445 47.806 1.178
34.453 47.825 1.178
34.461 47.844 1.178
34.469 47.863 1.197
34.475 47.882 1.272
34.481 47.902 1.347
34.485 47.922 1.421
34.487 47.942 1.496
34.488 47.963 1.571
34.488 47.965 1.571
34.488 47.968 1.571
34.488 47.971 1.571
34.488 47.974 1.571
34.488 47.976 1.571
34.488 47.979 1.571
34.488 47.982 1.571
34.488 47.985 1.571
34.488 47.988 1.571
34.488 47.990 1.571
34.488 47.993 1.571
34.488 47.996 1.571
34.488 47.999 1.571
34.488 48.001 1.571
34.488 48.004 1.571
34.488 48.007 1.571
34.488 48.010 1.571
34.488 48.013 1.571
34.488 48.015 1.571
34.488 48.018 1.571
34.488 48.021 1.571
34.488 48.024 1.571
34.488 48.026 1.571
34.488 48.029 1.571
34.488 48.032 1.571
34.488 48.035 1.571
34.488 48.038 1.571
34.488 48.040 1.571
34.488 48.043 1.571
34.488 48.046 1.571
34.488 48.049 1.571
34.488 48.051 1.571
34.488 48.054 1.571
34.488 48.057 1.571
34.488 48.060 1.571
34.488 48.063 1.571
34.488 48.065 1.571
34.488 48.068 1.571
34.488 48.071 1.571
34.488 48.074 1.571
34.488 48.076 1.571
34.488 48.079 1.571
34.488 48.082 1.571
34.488 48.085 1.571
34.488 48.088 1.571
34.488 48.090 1.571
34.488 48.093 1.571
34.488 48.096 1.571
34.488 48.099 1.571
34.488 48.101 1.571
34.488 48.104 1.571
34.488 48.107 1.571
34.488 48.110 1.571
34.488 48.113 1.571
34.488 48.135 1.571
34.488 48.157 1.571
34.488 48.179 1.571
34.488 48.201 1.571
34.488 48.224 1.571
34.488 48.246 1.571
34.488 48.268 1.571
34.488 48.290 1.571
34.488 48.313 1.571
34.488 48.335 1.571
34.488 48.357 1.571
34.488 48.379 1.571
34.488 48.401 1.571
34.488 48.424 1.571
34.488 48.446 1.571
34.488 48.468 1.571
34.488 48.490 1.571
34.488 48.513 1.571
34.488 48.535 1.571
34.488 48.557 1.571
34.488 48.579 1.571
34.488 48.601 1.571
34.488 48.624 1.571
34.488 48.646 1.571
34.488 48.668 1.571
34.488 48.690 1.571
34.488 48.713 1.571
34.488 48.735 1.571
34.488 48.757 1.571
34.488 48.779 1.571
34.488 48.801 1.571
34.488 48.824 1.571
34.488 48.846 1.571
34.488 48.868 1.571
34.488 48.890 1.571
34.488 48.913 1.571
34.488 48.935 1.571
34.488 48.957 1.571
34.488 48.979 1.571
34.488 49.001 1.571
34.488 49.024 1.571
34.488 49.046 1.571
34.488 49.068 1.571
34.488 49.090 1.571
34.488 49.113 1.571
34.488 49.135 1.571
34.488 49.157 1.571
34.488 49.179 1.571
34.488 49.201 1.571
34.488 49.224 1.571
34.488 49.246 1.571
34.488 49.268 1.571
34.488 49.290 1.571
34.488 49.313 1.571
34.488 49.335 1.571
34.488 49.357 1.571
34.488 49.379 1.571
34.488 49.401 1.571
34.488 49.424 1.571
34.488 49.446 1.571
34.488 49.468 1.571
34.488 49.490 1.571
34.488 49.513 1.571
34.488 49.535 1.571
34.488 49.557 1.571
34.488 49.579 1.571
34.488 49.601 1.571
34.488 49.624 1.571
34.488 49.646 1.571
34.488 49.668 1.571
34.488 49.690 1.571
34.488 49.713 1.571
34.488 49.735 1.571
34.488 49.757 1.571
34.488 49.779 1.571
34.488 49.801 1.571
34.488 49.824 1.571
34.488 49.846 1.571
34.488 49.868 1.571
34.488 49.890 1.571
34.488 49.913 1.571
34.488 49.935 1.571
34.488 49.957 1.571
34.488 49.979 1.571
34.488 50.001 1.571
34.488 50.024 1.571
34.488 50.046 1.571
34.488 50.068 1.571
34.488 50.090 1.571
34.488 50.113 1.571
34.488 50.135 1.571
34.488 50.158 1.571
34.488 50.180 1.571
34.487 50.203 1.620
34.485 50.225 1.688
34.482 50.248 1.757
34.477 50.270 1.826
34.470 50.291 1.895
34.463 50.313 1.964
34.460 50.318 1.964
34.457 50.324 1.964
34.454 50.329 1.964
34.451 50.335 1.964
34.449 50.340 1.964
34.446 50.346 1.964
34.443 50.351 1.964
34.440 50.357 1.964
34.438 50.363 1.964
34.435 50.368 1.964
34.432 50.374 1.964
34.429 50.379 1.964
34.426 50.385 1.964
34.424 50.390 1.964
34.421 50.396 1.964
34.418 50.401 1.964
34.415 50.407 1.964
34.413 50.413 1.964
34.404 50.429 1.964
34.396 50.446 1.964
34.388 50.463 1.964
34.379 50.479 1.964
34.371 50.496 1.964
34.363 50.513 1.964
34.354 50.529 1.964
34.346 50.546 1.964
34.338 50.563 1.964
34.329 50.579 1.964
34.321 50.596 1.964
34.313 50.613 1.964
34.304 50.629 1.964
34.296 50.646 1.964
34.288 50.663 1.964
34.279 50.679 1.964
34.271 50.696 1.964
34.263 50.713 1.964
34.254 50.729 1.964
34.246 50.746 1.964
34.238 50.763 1.964
34.229 50.779 1.964
34.221 50.796 1.964
34.213 50.813 1.964
34.204 50.829 1.964
34.196 50.846 1.964
34.188 50.863 1.964
34.179 50.879 1.964
34.171 50.896 1.964
34.163 50.913 1.964
34.154 50.929 1.964
34.146 50.946 1.964
34.138 50.963 1.964
34.129 50.979 1.964
34.121 50.996 1.964
34.113 51.013 1.964
34.104 51.029 1.964
34.096 51.046 1.964
34.088 51.062 1.964
34.079 51.079 1.964
34.071 51.096 1.964
34.063 51.113 1.964
34.054 51.129 1.964
34.046 51.146 1.964
34.038 51.163 1.964
34.029 51.179 1.964
34.021 51.196 1.964
34.013 51.213 1.964
34.004 51.229 1.964
33.996 51.246 1.964
33.988 51.263 1.964
33.979 51.279 1.964
33.971 51.296 1.964
33.963 51.313 1.964
33.954 51.329 1.964
33.946 51.346 1.964
33.938 51.363 1.964
33.929 51.379 1.964
33.921 51.396 1.964
33.913 51.413 1.964
33.904 51.429 1.964
33.896 51.446 1.964
33.888 51.463 1.964
33.879 51.479 1.964
33.871 51.496 1.964
33.863 51.513 1.964
33.854 51.529 1.964
33.846 51.546 1.964
33.838 51.563 1.964
33.829 51.579 1.964
33.821 51.596 1.964
33.813 51.613 1.964
33.804 51.629 1.964
33.796 51.646 1.964
33.788 51.663 1.964
33.779 51.679 1.964
33.771 51.696 1.964
33.763 51.713 1.964
33.754 51.729 1.964
33.746 51.746 1.964
33.738 51.763 1.964
33.735 51.768 1.964
33.732 51.774 1.964
33.729 51.779 1.964
33.726 51.785 1.964
33.724 51.790 1.964
33.721 51.796 1.964
33.718 51.801 1.964
33.715 51.807 1.964
33.713 51.813 1.964
33.710 51.818 1.964
33.707 51.824 1.964
33.704 51.829 1.964
33.701 51.835 1.964
33.699 51.840 1.964
33.696 51.846 1.964
33.693 51.851 1.964
33.690 51.857 1.964
33.688 51.863 1.964
33.685 51.868 1.964
33.682 51.874 1.964
33.679 51.879 1.964
33.676 51.885 1.964
33.674 51.890 1.964
33.671 51.896 1.964
33.668 51.901 1.964
33.665 51.907 1.964
33.663 51.913 1.964
33.660 51.918 1.964
33.657 51.924 1.964
33.654 51.929 1.964
33.651 51.935 1.964
33.649 51.940 1.964
33.646 51.946 1.964
33.643 51.951 1.964
33.640 51.957 1.964
33.638 51.963 1.964
33.635 51.968 1.964
33.632 51.974 1.964
33.629 51.979 1.964
33.626 51.985 1.964
33.624 51.990 1.964
33.621 51.996 1.964
33.618 52.001 1.964
33.615 52.007 1.964
33.613 52.013 1.964
33.604 52.029 1.964
33.596 52.046 1.964
33.588 52.062 1.964
33.579 52.079 1.964
33.571 52.096 1.964
33.563 52.113 1.964
33.554 52.129 1.964
33.546 52.146 1.964
33.538 52.163 1.964
33.530 52.181 1.964
33.522 52.200 1.964
33.514 52.219 1.964
33.506 52.238 1.944
33.500 52.257 1.870
33.494 52.277 1.795
33.491 52.297 1.720
33.488 52.317 1.645
33.488 52.338 1.571
33.488 52.340 1.571
33.488 52.343 1.571
33.488 52.346 1.571
33.488 52.349 1.571
33.488 52.351 1.571
33.488 52.354 1.571
33.488 52.357 1.571
33.488 52.360 1.571
33.488 52.363 1.571
33.488 52.365 1.571
33.488 52.368 1.571
33.488 52.371 1.571
33.488 52.374 1.571
33.488 52.376 1.571
33.488 52.379 1.571
33.488 52.382 1.571
33.488 52.385 1.571
33.488 52.388 1.571
33.488 52.390 1.571
33.488 52.393 1.571
33.488 52.396 1.571
33.488 52.399 1.571
33.488 52.401 1.571
33.488 52.404 1.571
33.488 52.407 1.571
33.488 52.410 1.571
33.488 52.413 1.571
33.488 52.415 1.571
33.488 52.418 1.571
33.488 52.421 1.571
33.488 52.424 1.571
33.488 52.426 1.571
33.488 52.429 1.571
33.488 52.432 1.571
33.488 52.435 1.571
33.488 52.438 1.571
33.488 52.440 1.571
33.488 52.443 1.571
33.488 52.446 1.571
33.488 52.449 1.571
33.488 52.451 1.571
33.488 52.454 1.571
33.488 52.457 1.571
33.488 52.460 1.571
33.488 52.463 1.571
33.488 52.485 1.571
33.488 52.507 1.571
33.488 52.529 1.571
33.488 52.551 1.571
33.488 52.574 1.571
33.488 52.596 1.571
33.488 52.618 1.571
33.488 52.640 1.571
33.488 52.663 1.571
33.488 52.685 1.571
33.488 52.707 1.571
33.488 52.729 1.571
33.488 52.751 1.571
33.488 52.774 1.571
33.488 52.796 1.571
33.488 52.818 1.571
33.488 52.840 1.571
33.488 52.863 1.571
33.488 52.885 1.571
33.488 52.907 1.571
33.488 52.929 1.571
33.488 52.951 1.571
33.488 52.974 1.571
33.488 52.996 1.571
33.488 53.018 1.571
33.488 53.040 1.571
33.488 53.063 1.571
33.488 53.085 1.571
33.488 53.107 1.571
33.488 53.129 1.571
33.488 53.151 1.571
33.488 53.174 1.571
33.488 53.196 1.571
33.488 53.218 1.571
33.488 53.240 1.571
33.488 53.263 1.571
33.488 53.285 1.571
33.488 53.307 1.571
33.488 53.329 1.571
33.488 53.351 1.571
33.488 53.374 1.571
33.488 53.396 1.571
33.488 53.418 1.571
33.488 53.440 1.571
33.488 53.463 1.571
33.488 53.485 1.571
33.488 53.507 1.571
33.488 53.529 1.571
33.488 53.551 1.571
33.488 53.574 1.571
33.488 53.596 1.571
33.488 53.618 1.571
33.488 53.640 1.571
33.488 53.663 1.571
33.488 53.685 1.571
33.488 53.707 1.571
33.488 53.729 1.571
33.488 53.751 1.571
33.488 53.774 1.571
33.488 53.796 1.571
33.488 53.818 1.571
33.488 53.840 1.571
33.488 53.863 1.571
33.488 53.885 1.571
33.488 53.907 1.571
33.488 53.929 1.571
33.488 53.951 1.571
33.488 53.974 1.571
33.488 53.996 1.571
33.488 54.018 1.571
33.488 54.040 1.571
33.488 54.063 1.571
33.488 54.085 1.571
33.488 54.107 1.571
33.488 54.129 1.571
33.488 54.151 1.571
33.488 54.174 1.571
33.488 54.196 1.571
33.488 54.218 1.571
33.488 54.240 1.571
33.488 54.263 1.571
33.488 54.285 1.571
33.488 54.308 1.571
33.488 54.330 1.571
33.488 54.353 1.522
33.490 54.375 1.453
33.493 54.398 1.384
33.498 54.420 1.316
33.505 54.441 1.247
33.513 54.463 1.178
33.515 54.468 1.178
33.518 54.474 1.178
33.521 54.479 1.178
33.524 54.485 1.178
33.526 54.490 1.178
33.529 54.496 1.178
33.532 54.501 1.178
33.535 54.507 1.178
33.538 54.513 1.178
33.540 54.518 1.178
33.543 54.524 1.178
33.546 54.529 1.178
33.549 54.535 1.178
33.551 54.540 1.178
33.554 54.546 1.178
33.557 54.551 1.178
33.560 54.557 1.178
33.563 54.563 1.178
33.565 54.568 1.178
33.568 54.574 1.178
33.571 54.579 1.178
33.574 54.585 1.178
33.576 54.590 1.178
33.579 54.596 1.178
33.582 54.601 1.178
33.585 54.607 1.178
33.588 54.613 1.178
33.590 54.618 1.178
33.593 54.624 1.178
33.596 54.629 1.178
33.599 54.635 1.178
33.601 54.640 1.178
33.604 54.646 1.178
33.607 54.651 1.178
33.610 54.657 1.178
33.613 54.663 1.178
33.621 54.679 1.178
33.629 54.696 1.178
33.638 54.713 1.178
33.646 54.729 1.178
33.654 54.746 1.178
33.663 54.763 1.178
33.671 54.779 1.178
33.679 54.796 1.178
33.688 54.813 1.178
33.696 54.829 1.178
33.704 54.846 1.178
33.713 54.863 1.178
33.721 54.879 1.178
33.729 54.896 1.178
33.738 54.913 1.178
33.746 54.929 1.178
33.754 54.946 1.178
33.763 54.963 1.178
33.772 54.977 1.148
33.781 54.992 1.117
33.792 55.007 1.087
33.802 55.021 1.057
33.813 55.035 1.027
33.825 55.048 0.996
33.837 55.062 0.966
33.850 55.075 0.936
33.863 55.088 0.785
33.880 55.105 0.785
33.897 55.121 0.756
33.915 55.138 0.704
33.933 55.153 0.652
33.953 55.167 0.600
33.973 55.180 0.548
33.994 55.192 0.496
34.016 55.203 0.445
34.038 55.213 0.393
34.056 55.220 0.393
34.075 55.228 0.393
34.094 55.236 0.393
34.113 55.244 0.374
34.132 55.250 0.299
34.152 55.256 0.224
34.172 55.260 0.149
34.192 55.262 0.075
34.213 55.263 0.000
34.215 55.263 0.000
34.218 55.263 0.000
34.221 55.263 0.000
34.224 55.263 0.000
34.226 55.263 0.000
34.229 55.263 0.000
34.232 55.263 0.000
34.235 55.263 0.000
34.238 55.263 0.000
34.260 55.263 0.000
34.282 55.263 0.000
34.304 55.263 0.000
34.326 55.263 0.000
34.349 55.263 0.000
34.371 55.263 0.000
34.393 55.263 0.000
34.415 55.263 0.000
34.438 55.263 0.000
34.460 55.263 0.000
34.482 55.263 0.000
34.504 55.263 0.000
34.526 55.263 0.000
34.549 55.263 0.000
34.571 55.263 0.000
34.593 55.263 0.000
34.615 55.263 0.000
34.638 55.263 0.000
34.660 55.263 0.000
34.682 55.263 0.000
34.704 55.263 0.000
34.726 55.263 0.000
34.749 55.263 0.000
34.771 55.263 0.000
34.793 55.263 0.000
34.815 55.263 0.000
34.838 55.263 0.000
34.840 55.263 0.000
34.843 55.263 0.000
34.846 55.263 0.000
34.849 55.263 0.000
34.851 55.263 0.000
34.854 55.263 0.000
34.857 55.263 0.000
34.860 55.263 0.000
34.863 55.263 0.000
34.865 55.263 0.000
34.868 55.263 0.000
34.871 55.263 0.000
34.874 55.263 0.000
34.876 55.263 0.000
34.879 55.263 0.000
34.882 55.263 0.000
34.885 55.263 0.000
34.888 55.263 0.000
34.910 55.263 0.000
34.932 55.263 0.000
34.954 55.263 0.000
34.976 55.263 0.000
34.999 55.263 0.000
35.021 55.263 0.000
35.043 55.263 0.000
35.065 55.263 0.000
35.088 55.263 0.000
35.110 55.263 0.000
35.132 55.263 0.000
35.154 55.263 0.000
35.176 55.263 0.000
35.199 55.263 0.000
35.221 55.263 0.000
35.243 55.263 0.000
35.265 55.263 0.000
35.288 55.263 0.000
35.310 55.263 0.000
35.332 55.263 0.000
35.354 55.263 0.000
35.376 55.263 0.000
35.399 55.263 0.000
35.421 55.263 0.000
35.443 55.263 0.000
35.465 55.263 0.000
35.488 55.263 0.000
35.510 55.263 0.000
35.532 55.263 0.000
35.554 55.263 0.000
35.576 55.263 0.000
35.599 55.263 0.000
35.621 55.263 0.000
35.643 55.263 0.000
35.665 55.263 0.000
35.688 55.263 0.000
35.710 55.263 0.000
35.732 55.263 0.000
35.754 55.263 0.000
35.776 55.263 0.000
35.799 55.263 0.000
35.821 55.263 0.000
35.843 55.263 0.000
35.865 55.263 0.000
35.888 55.263 0.000
35.910 55.263 0.000
35.932 55.263 0.000
35.954 55.263 0.000
35.976 55.263 0.000
35.999 55.263 0.000
36.021 55.263 0.000
36.043 55.263 0.000
36.065 55.263 0.000
36.088 55.263 0.000
36.110 55.263 0.000
36.132 55.263 0.000
36.154 55.263 0.000
36.176 55.263 0.000
36.199 55.263 0.000
36.221 55.263 0.000
36.243 55.263 0.000
36.265 55.263 0.000
36.288 55.263 0.000
36.310 55.263 0.000
36.332 55.263 0.000
36.354 55.263 0.000
36.376 55.263 0.000
36.399 55.263 0.000
36.421 55.263 0.000
36.443 55.263 0.000
36.465 55.263 0.000
36.488 55.263 0.000
36.510 55.263 0.000
36.532 55.263 0.000
36.554 55.263 0.000
36.576 55.263 0.000
36.599 55.263 0.000
36.621 55.263 0.000
36.643 55.263 0.000
36.665 55.263 0.000
36.688 55.263 0.000
36.710 55.263 0.000
36.732 55.263 0.000
36.754 55.263 0.000
36.776 55.263 0.000
36.799 55.263 0.000
36.821 55.263 0.000
36.843 55.263 0.000
36.865 55.263 0.000
36.888 55.263 0.000
36.910 55.263 0.000
36.932 55.263 0.000
36.954 55.263 0.000
36.976 55.263 0.000
36.999 55.263 0.000
37.021 55.263 0.000
37.043 55.263 0.000
37.065 55.263 0.000
37.088 55.263 0.000
37.110 55.263 0.000
37.132 55.263 0.000
37.154 55.263 0.000
37.176 55.263 0.000
37.199 55.263 0.000
37.221 55.263 0.000
37.243 55.263 0.000
37.265 55.263 0.000
37.288 55.263 0.000
37.310 55.263 0.000
37.332 55.263 0.000
37.354 55.263 0.000
37.376 55.263 0.000
37.399 55.263 0.000
37.421 55.263 0.000
37.443 55.263 0.000
37.465 55.263 0.000
37.488 55.263 0.000
37.510 55.263 0.000
37.532 55.263 0.000
37.554 55.263 0.000
37.576 55.263 0.000
37.599 55.263 0.000
37.621 55.263 0.000
37.643 55.263 0.000
37.665 55.263 0.000
37.688 55.263 0.000
37.710 55.263 0.000
37.732 55.263 0.000
37.754 55.263 0.000
37.776 55.263 0.000
37.799 55.263 0.000
37.821 55.263 0.000
37.843 55.263 0.000
37.865 55.263 0.000
37.888 55.263 0.000
37.910 55.263 0.000
37.932 55.263 0.000
37.954 55.263 0.000
37.976 55.263 0.000
37.999 55.263 0.000
38.021 55.263 0.000
38.043 55.263 0.000
38.065 55.263 0.000
38.088 55.263 0.000
38.110 55.263 0.000
38.132 55.263 0.000
38.154 55.263 0.000
38.176 55.263 0.000
38.199 55.263 0.000
38.221 55.263 0.000
38.243 55.263 0.000
38.265 55.263 0.000
38.288 55.263 0.000
38.310 55.263 0.000
38.332 55.263 0.000
38.354 55.263 0.000
38.376 55.263 0.000
38.399 55.263 0.000
38.421 55.263 0.000
38.443 55.263 0.000
38.465 55.263 0.000
38.488 55.263 0.000
38.510 55.263 0.000
38.532 55.263 0.000
38.554 55.263 0.000
38.576 55.263 0.000
38.599 55.263 0.000
38.621 55.263 0.000
38.643 55.263 0.000
38.665 55.263 0.000
38.688 55.263 0.000
38.710 55.263 0.000
38.732 55.263 0.000
38.754 55.263 0.000
38.776 55.263 0.000
38.799 55.263 0.000
38.821 55.263 0.000
38.843 55.263 0.000
38.865 55.263 0.000
38.888 55.263 0.000
38.910 55.263 0.000
38.932 55.263 0.000
38.954 55.263 0.000
38.976 55.263 0.000
38.999 55.263 0.000
39.021 55.263 0.000
39.043 55.263 0.000
39.065 55.263 0.000
39.088 55.263 0.000
39.110 55.263 0.000
39.132 55.263 0.000
39.154 55.263 0.000
39.176 55.263 0.000
39.199 55.263 0.000
39.221 55.263 0.000
39.243 55.263 0.000
39.265 55.263 0.000
39.288 55.263 0.000
39.310 55.263 0.000
39.332 55.263 0.000
39.354 55.263 0.000
39.376 55.263 0.000
39.399 55.263 0.000
39.421 55.263 0.000
39.443 55.263 0.000
39.465 55.263 0.000
39.488 55.263 0.000
39.510 55.263 0.000
39.532 55.263 0.000
39.554 55.263 0.000
39.576 55.263 0.000
39.599 55.263 0.000
39.621 55.263 0.000
39.643 55.263 0.000
39.665 55.263 0.000
39.688 55.263 0.000
39.710 55.263 0.000
39.732 55.263 0.000
39.754 55.263 0.000
39.776 55.263 0.000
39.799 55.263 0.000
39.821 55.263 0.000
39.843 55.263 0.000
39.865 55.263 0.000
39.888 55.263 0.000
39.910 55.263 0.000
39.932 55.263 0.000
39.954 55.263 0.000
39.976 55.263 0.000
39.999 55.263 0.000
40.021 55.263 0.000
40.043 55.263 0.000
40.065 55.263 0.000
40.088 55.263 0.000
40.110 55.263 0.000
40.132 55.263 0.000
40.154 55.263 0.000
40.176 55.263 0.000
40.199 55.263 0.000
40.221 55.263 0.000
40.243 55.263 0.000
40.265 55.263 0.000
40.288 55.263 0.000
40.310 55.263 0.000
40.332 55.263 0.000
40.354 55.263 0.000
40.376 55.263 0.000
40.399 55.263 0.000
40.421 55.263 0.000
40.443 55.263 0.000
40.465 55.263 0.000
40.488 55.263 0.000
40.510 55.263 0.000
40.532 55.263 0.000
40.554 55.263 0.000
40.576 55.263 0.000
40.599 55.263 0.000
40.621 55.263 0.000
40.643 55.263 0.000
40.665 55.263 0.000
40.688 55.263 0.000
40.710 55.263 0.000
40.732 55.263 0.000
40.754 55.263 0.000
40.776 55.263 0.000
40.799 55.263 0.000
40.821 55.263 0.000
40.843 55.263 0.000
40.865 55.263 0.000
40.888 55.263 0.000
40.910 55.263 0.000
40.932 55.263 0.000
40.954 55.263 0.000
40.976 55.263 0.000
40.999 55.263 0.000
41.021 55.263 0.000
41.043 55.263 0.000
41.065 55.263 0.000
41.088 55.263 0.000
41.110 55.263 0.000
41.132 55.263 0.000
41.154 55.263 0.000
41.176 55.263 0.000
41.199 55.263 0.000
41.221 55.263 0.000
41.243 55.263 0.000
41.265 55.263 0.000
41.288 55.263 0.000
41.310 55.263 0.000
41.332 55.263 0.000
41.354 55.263 0.000
41.376 55.263 0.000
41.399 55.263 0.000
41.421 55.263 0.000
41.443 55.263 0.000
41.465 55.263 0.000
41.488 55.263 0.000
41.510 55.263 0.000
41.532 55.263 0.000
41.554 55.263 0.000
41.576 55.263 0.000
41.599 55.263 0.000
41.621 55.263 0.000
41.643 55.263 0.000
41.665 55.263 0.000
41.688 55.263 0.000
41.710 55.263 0.000
41.732 55.263 0.000
41.754 55.263 0.000
41.776 55.263 0.000
41.799 55.263 0.000
41.821 55.263 0.000
41.843 55.263 0.000
41.865 55.263 0.000
41.888 55.263 0.000
41.910 55.263 0.000
41.932 55.263 0.000
41.954 55.263 0.000
41.976 55.263 0.000
41.999 55.263 0.000
42.021 55.263 0.000
42.043 55.263 0.000
42.065 55.263 0.000
42.088 55.263 0.000
42.110 55.263 0.000
42.132 55.263 0.000
42.154 55.263 0.000
42.176 55.263 0.000
42.199 55.263 0.000
42.221 55.263 0.000
42.243 55.263 0.000
42.265 55.263 0.000
42.288 55.263 0.000
42.310 55.263 0.000
42.332 55.263 0.000
42.354 55.263 0.000
42.376 55.263 0.000
42.399 55.263 0.000
42.421 55.263 0.000
42.443 55.263 0.000
42.465 55.263 0.000
42.488 55.263 0.000
42.510 55.263 0.000
42.532 55.263 0.000
42.554 55.263 0.000
42.576 55.263 0.000
42.599 55.263 0.000
42.621 55.263 0.000
42.643 55.263 0.000
42.665 55.263 0.000
42.688 55.263 0.000
42.710 55.263 0.000
42.732 55.263 0.000
42.754 55.263 0.000
42.776 55.263 0.000
42.799 55.263 0.000
42.821 55.263 0.000
42.843 55.263 0.000
42.865 55.263 0.000
42.888 55.263 0.000
42.910 55.263 0.000
42.932 55.263 0.000
42.954 55.263 0.000
42.976 55.263 0.000
42.999 55.263 0.000
43.021 55.263 0.000
43.043 55.263 0.000
43.065 55.263 0.000
43.088 55.263 0.000
43.110 55.263 0.000
43.132 55.263 0.000
43.154 55.263 0.000
43.176 55.263 0.000
43.199 55.263 0.000
43.221 55.263 0.000
43.243 55.263 0.000
43.265 55.263 0.000
43.288 55.263 0.000
43.310 55.263 0.000
43.332 55.263 0.000
43.354 55.263 0.000
43.376 55.263 0.000
43.399 55.263 0.000
43.421 55.263 0.000
43.443 55.263 0.000
43.465 55.263 0.000
43.488 55.263 0.000
43.510 55.263 0.000
43.532 55.263 0.000
43.554 55.263 0.000
43.576 55.263 0.000
43.599 55.263 0.000
43.621 55.263 0.000
43.643 55.263 0.000
43.665 55.263 0.000
43.688 55.263 0.000
43.710 55.263 0.000
43.732 55.263 0.000
43.754 55.263 0.000
43.776 55.263 0.000
43.799 55.263 0.000
43.821 55.263 0.000
43.843 55.263 0.000
43.865 55.263 0.000
43.888 55.263 0.000
43.910 55.263 0.000
43.933 55.263 0.000
43.955 55.263 0.000
43.978 55.262 6.234
44.000 55.260 6.166
44.023 55.257 6.097
44.045 55.252 6.028
44.066 55.245 5.959
44.088 55.238 5.891
44.093 55.235 5.891
44.099 55.232 5.891
44.104 55.229 5.891
44.110 55.226 5.891
44.115 55.224 5.891
44.121 55.221 5.891
44.126 55.218 5.891
44.132 55.215 5.891
44.138 55.213 5.891
44.154 55.204 5.891
44.171 55.196 5.891
44.188 55.188 5.891
44.204 55.179 5.891
44.221 55.171 5.891
44.238 55.163 5.891
44.254 55.154 5.891
44.271 55.146 5.891
44.288 55.138 5.891
44.302 55.128 5.860
44.317 55.119 5.830
44.332 55.108 5.800
44.346 55.098 5.769
44.360 55.087 5.739
44.373 55.075 5.709
44.387 55.063 5.678
44.400 55.050 5.648
44.413 55.038 5.498
44.415 55.035 5.498
44.418 55.032 5.498
44.421 55.029 5.498
44.424 55.026 5.498
44.426 55.024 5.498
44.429 55.021 5.498
44.432 55.018 5.498
44.435 55.015 5.498
44.438 55.013 5.498
44.440 55.010 5.498
44.443 55.007 5.498
44.446 55.004 5.498
44.449 55.001 5.498
44.451 54.999 5.498
44.454 54.996 5.498
44.457 54.993 5.498
44.460 54.990 5.498
44.463 54.988 5.498
44.465 54.985 5.498
44.468 54.982 5.498
44.471 54.979 5.498
44.474 54.976 5.498
44.476 54.974 5.498
44.479 54.971 5.498
44.482 54.968 5.498
44.485 54.965 5.498
44.488 54.963 5.498
44.490 54.960 5.498
44.493 54.957 5.498
44.496 54.954 5.498
44.499 54.951 5.498
44.501 54.949 5.498
44.504 54.946 5.498
44.507 54.943 5.498
44.510 54.940 5.498
44.513 54.938 5.498
44.529 54.921 5.498
44.546 54.904 5.498
44.562 54.888 5.498
44.579 54.871 5.498
44.596 54.854 5.498
44.613 54.838 5.498
44.629 54.821 5.498
44.646 54.804 5.498
44.663 54.788 5.498
44.679 54.771 5.498
44.696 54.754 5.498
44.713 54.738 5.498
44.729 54.721 5.498
44.746 54.704 5.498
44.763 54.688 5.498
44.779 54.671 5.498
44.796 54.654 5.498
44.813 54.638 5.498
44.829 54.621 5.498
44.846 54.604 5.498
44.863 54.588 5.498
44.879 54.571 5.498
44.896 54.554 5.498
44.913 54.538 5.498
44.929 54.521 5.498
44.946 54.504 5.498
44.963 54.488 5.498
44.979 54.471 5.498
44.996 54.454 5.498
45.013 54.438 5.498
45.029 54.421 5.498
45.046 54.404 5.498
45.063 54.388 5.498
45.079 54.371 5.498
45.096 54.354 5.498
45.113 54.338 5.498
45.130 54.321 5.498
45.147 54.304 5.527
45.165 54.288 5.579
45.183 54.272 5.631
45.203 54.258 5.683
45.223 54.245 5.735
45.244 54.233 5.787
45.266 54.222 5.839
45.288 54.213 5.891
45.293 54.210 5.891
45.299 54.207 5.891
45.304 54.204 5.891
45.310 54.201 5.891
45.315 54.199 5.891
45.321 54.196 5.891
45.326 54.193 5.891
45.332 54.190 5.891
45.338 54.188 5.891
45.354 54.179 5.891
45.371 54.171 5.891
45.388 54.163 5.891
45.404 54.154 5.891
45.421 54.146 5.891
45.438 54.138 5.891
45.454 54.129 5.891
45.471 54.121 5.891
45.488 54.113 5.891
45.506 54.105 5.891
45.525 54.097 5.891
45.544 54.089 5.891
45.563 54.081 5.910
45.582 54.075 5.984
45.602 54.069 6.059
45.622 54.066 6.134
45.642 54.063 6.208
45.663 54.063 0.000
45.685 54.063 0.000
45.707 54.063 0.000
45.729 54.063 0.000
45.751 54.063 0.000
45.774 54.063 0.000
45.796 54.063 0.000
45.818 54.063 0.000
45.840 54.063 0.000
45.863 54.063 0.000
45.885 54.063 0.000
45.907 54.063 0.000
45.929 54.063 0.000
45.951 54.063 0.000
45.974 54.063 0.000
45.996 54.063 0.000
46.018 54.063 0.000
46.040 54.063 0.000
