10.213 15.887 0.000
10.210 15.887 0.000
10.207 15.887 0.000
10.204 15.887 0.000
10.201 15.887 0.000
10.199 15.887 0.000
10.196 15.887 0.000
10.193 15.887 0.000
10.190 15.887 0.000
10.188 15.887 0.000
10.210 15.887 0.000
10.232 15.887 0.000
10.254 15.887 0.000
10.276 15.887 0.000
10.299 15.887 0.000
10.321 15.887 0.000
10.343 15.887 0.000
10.365 15.887 0.000
10.387 15.887 0.000
10.410 15.887 0.000
10.433 15.887 0.000
10.455 15.887 0.000
10.478 15.888 0.049
10.500 15.890 0.118
10.523 15.893 0.186
10.545 15.898 0.255
10.566 15.905 0.324
10.588 15.912 0.393
10.593 15.915 0.393
10.599 15.918 0.393
10.604 15.921 0.393
10.610 15.924 0.393
10.615 15.926 0.393
10.621 15.929 0.393
10.626 15.932 0.393
10.632 15.935 0.393
10.637 15.938 0.393
10.654 15.946 0.393
10.671 15.954 0.393
10.688 15.963 0.393
10.704 15.971 0.393
10.721 15.979 0.393
10.737 15.988 0.393
10.754 15.996 0.393
10.771 16.004 0.393
10.787 16.012 0.393
10.804 16.021 0.393
10.821 16.029 0.393
10.838 16.037 0.393
10.854 16.046 0.393
10.871 16.054 0.393
10.887 16.062 0.393
10.904 16.071 0.393
10.921 16.079 0.393
10.938 16.087 0.393
10.954 16.096 0.393
10.971 16.104 0.393
10.988 16.112 0.393
11.004 16.121 0.393
11.021 16.129 0.393
11.037 16.137 0.393
11.054 16.146 0.393
11.071 16.154 0.393
11.088 16.163 0.393
11.102 16.172 0.423
11.117 16.181 0.453
11.132 16.192 0.484
11.146 16.202 0.514
11.160 16.213 0.544
11.173 16.225 0.575
11.187 16.237 0.605
11.200 16.250 0.635
11.213 16.262 0.785
11.215 16.265 0.785
11.218 16.268 0.785
11.221 16.271 0.785
11.224 16.274 0.785
11.226 16.276 0.785
11.229 16.279 0.785
11.232 16.282 0.785
11.235 16.285 0.785
11.238 16.288 0.785
11.240 16.290 0.785
11.243 16.293 0.785
11.246 16.296 0.785
11.249 16.299 0.785
11.251 16.301 0.785
11.254 16.304 0.785
11.257 16.307 0.785
11.260 16.310 0.785
11.262 16.312 0.785
11.279 16.329 0.785
11.296 16.346 0.785
11.312 16.363 0.785
11.329 16.379 0.785
11.346 16.396 0.785
11.362 16.413 0.785
11.379 16.429 0.785
11.396 16.446 0.785
11.412 16.462 0.785
11.429 16.479 0.785
11.446 16.496 0.785
11.463 16.512 0.785
11.479 16.529 0.785
11.496 16.546 0.785
11.512 16.562 0.785
11.529 16.579 0.785
11.546 16.596 0.785
11.562 16.613 0.785
11.579 16.629 0.785
11.596 16.646 0.785
11.613 16.663 0.785
11.629 16.679 0.785
11.646 16.696 0.785
11.662 16.713 0.785
11.679 16.729 0.785
11.696 16.746 0.785
11.713 16.762 0.785
11.729 16.779 0.785
11.746 16.797 0.815
11.763 16.815 0.867
11.778 16.833 0.919
11.792 16.853 0.971
11.805 16.873 1.022
11.817 16.894 1.074
11.828 16.915 1.126
11.838 16.938 1.178
11.846 16.954 1.178
11.854 16.971 1.178
11.863 16.988 1.178
11.871 17.004 1.178
11.879 17.021 1.178
11.888 17.038 1.178
11.896 17.054 1.178
11.904 17.071 1.178
11.912 17.087 1.178
11.921 17.104 1.178
11.929 17.121 1.178
11.938 17.137 1.178
11.946 17.154 1.178
11.954 17.171 1.178
11.963 17.188 1.178
11.971 17.204 1.178
11.979 17.221 1.178
11.988 17.238 1.178
11.996 17.254 1.178
12.004 17.271 1.178
12.013 17.288 1.178
12.021 17.304 1.178
12.029 17.321 1.178
12.038 17.338 1.178
12.046 17.354 1.178
12.054 17.371 1.178
12.062 17.387 1.178
12.071 17.404 1.178
12.079 17.421 1.178
12.088 17.438 1.178
12.096 17.454 1.178
12.104 17.471 1.178
12.113 17.488 1.178
12.121 17.504 1.178
12.129 17.521 1.178
12.137 17.538 1.178
12.145 17.556 1.178
12.153 17.575 1.178
12.161 17.594 1.178
12.169 17.613 1.197
12.175 17.632 1.272
12.181 17.652 1.347
12.184 17.672 1.421
12.187 17.692 1.496
12.188 17.712 1.571
12.188 17.715 1.571
12.188 17.718 1.571
12.188 17.721 1.571
12.188 17.724 1.571
12.188 17.726 1.571
12.188 17.729 1.571
12.188 17.732 1.571
12.188 17.735 1.571
12.188 17.738 1.571
12.188 17.740 1.571
12.188 17.743 1.571
12.188 17.746 1.571
12.188 17.749 1.571
12.188 17.751 1.571
12.188 17.754 1.571
12.188 17.757 1.571
12.188 17.760 1.571
12.188 17.762 1.571
12.188 17.785 1.571
12.188 17.807 1.571
12.188 17.829 1.571
12.188 17.851 1.571
12.188 17.874 1.571
12.188 17.896 1.571
12.188 17.918 1.571
12.188 17.940 1.571
12.188 17.962 1.571
12.188 17.985 1.571
12.188 18.007 1.571
12.188 18.029 1.571
12.188 18.051 1.571
12.188 18.074 1.571
12.188 18.096 1.571
12.188 18.118 1.571
12.188 18.140 1.571
12.188 18.163 1.571
12.188 18.185 1.571
12.188 18.207 1.571
12.188 18.229 1.571
12.188 18.251 1.571
12.188 18.274 1.571
12.188 18.296 1.571
12.188 18.318 1.571
12.188 18.340 1.571
12.188 18.363 1.571
12.188 18.385 1.571
12.188 18.407 1.571
12.188 18.429 1.571
12.188 18.451 1.571
12.188 18.474 1.571
12.188 18.496 1.571
12.188 18.518 1.571
12.188 18.540 1.571
12.188 18.562 1.571
12.188 18.585 1.571
12.188 18.607 1.571
12.188 18.629 1.571
12.188 18.651 1.571
12.188 18.674 1.571
12.188 18.696 1.571
12.188 18.718 1.571
12.188 18.740 1.571
12.188 18.762 1.571
12.188 18.785 1.571
12.188 18.807 1.571
12.188 18.829 1.571
12.188 18.851 1.571
12.188 18.874 1.571
12.188 18.896 1.571
12.188 18.918 1.571
12.188 18.940 1.571
12.188 18.962 1.571
12.188 18.965 1.571
12.188 18.968 1.571
12.188 18.971 1.571
12.188 18.974 1.571
12.188 18.976 1.571
12.188 18.979 1.571
12.188 18.982 1.571
12.188 18.985 1.571
12.188 18.988 1.571
12.188 18.990 1.571
12.188 18.993 1.571
12.188 18.996 1.571
12.188 18.999 1.571
12.188 19.001 1.571
12.188 19.004 1.571
12.188 19.007 1.571
12.188 19.010 1.571
12.188 19.012 1.571
12.188 19.015 1.571
12.188 19.018 1.571
12.188 19.021 1.571
12.188 19.024 1.571
12.188 19.026 1.571
12.188 19.029 1.571
12.188 19.032 1.571
12.188 19.035 1.571
12.188 19.038 1.571
12.188 19.060 1.571
12.188 19.082 1.571
12.188 19.104 1.571
12.188 19.126 1.571
12.188 19.149 1.571
12.188 19.171 1.571
12.188 19.193 1.571
12.188 19.215 1.571
12.188 19.238 1.571
12.188 19.260 1.571
12.188 19.282 1.571
12.188 19.304 1.571
12.188 19.326 1.571
12.188 19.349 1.571
12.188 19.371 1.571
12.188 19.393 1.571
12.188 19.415 1.571
12.188 19.438 1.571
12.188 19.460 1.571
12.188 19.482 1.571
12.188 19.504 1.571
12.188 19.526 1.571
12.188 19.549 1.571
12.188 19.571 1.571
12.188 19.593 1.571
12.188 19.615 1.571
12.188 19.637 1.571
12.188 19.660 1.571
12.188 19.683 1.571
12.188 19.705 1.571
12.187 19.728 1.620
12.185 19.750 1.688
12.182 19.773 1.757
12.177 19.795 1.826
12.170 19.816 1.895
12.162 19.838 1.964
12.160 19.843 1.964
12.157 19.849 1.964
12.154 19.854 1.964
12.151 19.860 1.964
12.149 19.865 1.964
12.146 19.871 1.964
12.143 19.876 1.964
12.140 19.882 1.964
12.137 19.887 1.964
12.129 19.904 1.964
12.121 19.921 1.964
12.112 19.938 1.964
12.104 19.954 1.964
12.096 19.971 1.964
12.087 19.988 1.964
12.079 20.004 1.964
12.071 20.021 1.964
12.062 20.038 1.964
12.053 20.052 1.994
12.044 20.067 2.024
12.033 20.082 2.054
12.023 20.096 2.085
12.012 20.110 2.115
12.000 20.123 2.145
11.988 20.137 2.176
11.975 20.150 2.206
11.963 20.163 2.356
11.946 20.180 2.356
11.928 20.196 2.386
11.910 20.213 2.438
11.892 20.228 2.490
11.872 20.242 2.542
11.852 20.255 2.593
11.831 20.267 2.645
11.809 20.278 2.697
11.787 20.288 2.749
11.782 20.290 2.749
11.776 20.293 2.749
11.771 20.296 2.749
11.765 20.299 2.749
11.760 20.301 2.749
11.754 20.304 2.749
11.749 20.307 2.749
11.743 20.310 2.749
11.738 20.312 2.749
11.732 20.315 2.749
11.726 20.318 2.749
11.721 20.321 2.749
11.715 20.324 2.749
11.710 20.326 2.749
11.704 20.329 2.749
11.699 20.332 2.749
11.693 20.335 2.749
11.688 20.338 2.749
11.682 20.340 2.749
11.676 20.343 2.749
11.671 20.346 2.749
11.665 20.349 2.749
11.660 20.351 2.749
11.654 20.354 2.749
11.649 20.357 2.749
11.643 20.360 2.749
11.637 20.363 2.749
11.632 20.365 2.749
11.626 20.368 2.749
11.621 20.371 2.749
11.615 20.374 2.749
11.610 20.376 2.749
11.604 20.379 2.749
11.599 20.382 2.749
11.593 20.385 2.749
11.588 20.387 2.749
11.582 20.390 2.749
11.576 20.393 2.749
11.571 20.396 2.749
11.565 20.399 2.749
11.560 20.401 2.749
11.554 20.404 2.749
11.549 20.407 2.749
11.543 20.410 2.749
11.537 20.413 2.749
11.523 20.422 2.719
11.508 20.431 2.688
11.493 20.442 2.658
11.479 20.452 2.628
11.465 20.463 2.597
11.452 20.475 2.567
11.438 20.487 2.537
11.425 20.500 2.506
11.412 20.512 2.356
11.396 20.529 2.356
11.379 20.547 2.326
11.362 20.565 2.275
11.347 20.583 2.223
11.333 20.603 2.171
11.320 20.623 2.119
11.308 20.644 2.067
11.297 20.665 2.015
11.287 20.688 1.964
11.285 20.693 1.964
11.282 20.699 1.964
11.279 20.704 1.964
11.276 20.710 1.964
11.274 20.715 1.964
11.271 20.721 1.964
11.268 20.726 1.964
11.265 20.732 1.964
11.262 20.738 1.964
11.255 20.756 1.964
11.247 20.775 1.964
11.239 20.794 1.964
11.231 20.813 1.944
11.225 20.832 1.870
11.219 20.852 1.795
11.215 20.872 1.720
11.213 20.892 1.645
11.213 20.913 1.571
11.213 20.915 1.571
11.213 20.918 1.571
11.213 20.921 1.571
11.213 20.924 1.571
11.213 20.926 1.571
11.213 20.929 1.571
11.213 20.932 1.571
11.213 20.935 1.571
11.213 20.938 1.571
11.213 20.940 1.571
11.213 20.943 1.571
11.213 20.946 1.571
11.213 20.949 1.571
11.213 20.951 1.571
11.213 20.954 1.571
11.213 20.957 1.571
11.213 20.960 1.571
11.213 20.963 1.571
11.213 20.965 1.571
11.213 20.968 1.571
11.213 20.971 1.571
11.213 20.974 1.571
11.213 20.976 1.571
11.213 20.979 1.571
11.213 20.982 1.571
11.213 20.985 1.571
11.213 20.988 1.571
11.213 21.010 1.571
11.213 21.033 1.571
11.213 21.055 1.571
11.213 21.078 1.522
11.215 21.100 1.453
11.218 21.123 1.384
11.223 21.145 1.316
11.230 21.166 1.247
11.238 21.188 1.178
11.246 21.204 1.178
11.254 21.221 1.178
11.263 21.238 1.178
11.271 21.254 1.178
11.279 21.271 1.178
11.288 21.288 1.178
11.296 21.304 1.178
11.304 21.321 1.178
11.312 21.338 1.178
11.321 21.354 1.178
11.329 21.371 1.178
11.338 21.388 1.178
11.346 21.404 1.178
11.354 21.421 1.178
11.363 21.438 1.178
11.371 21.454 1.178
11.379 21.471 1.178
11.387 21.488 1.178
11.396 21.504 1.178
11.404 21.521 1.178
11.412 21.538 1.178
11.421 21.554 1.178
11.429 21.571 1.178
11.438 21.588 1.178
11.446 21.604 1.178
11.454 21.621 1.178
11.463 21.637 1.178
11.472 21.652 1.148
11.481 21.667 1.117
11.492 21.681 1.087
11.502 21.696 1.057
11.513 21.710 1.027
11.525 21.723 0.996
11.537 21.737 0.966
11.550 21.750 0.936
11.562 21.762 0.785
11.565 21.765 0.785
11.568 21.768 0.785
11.571 21.771 0.785
11.574 21.774 0.785
11.576 21.776 0.785
11.579 21.779 0.785
11.582 21.782 0.785
11.585 21.785 0.785
11.588 21.788 0.785
11.590 21.790 0.785
11.593 21.793 0.785
11.596 21.796 0.785
11.599 21.799 0.785
11.601 21.801 0.785
11.604 21.804 0.785
11.607 21.807 0.785
11.610 21.810 0.785
11.613 21.812 0.785
11.615 21.815 0.785
11.618 21.818 0.785
11.621 21.821 0.785
11.624 21.824 0.785
11.626 21.826 0.785
11.629 21.829 0.785
11.632 21.832 0.785
11.635 21.835 0.785
11.637 21.838 0.785
11.640 21.840 0.785
11.643 21.843 0.785
11.646 21.846 0.785
11.649 21.849 0.785
11.651 21.851 0.785
11.654 21.854 0.785
11.657 21.857 0.785
11.660 21.860 0.785
11.662 21.863 0.785
11.679 21.879 0.785
11.696 21.896 0.785
11.713 21.913 0.785
11.729 21.929 0.785
11.746 21.946 0.785
11.762 21.963 0.785
11.779 21.979 0.785
11.796 21.996 0.785
11.812 22.012 0.785
11.829 22.029 0.785
11.846 22.046 0.785
11.863 22.062 0.785
11.879 22.079 0.785
11.896 22.096 0.785
11.912 22.113 0.785
11.929 22.129 0.785
11.946 22.146 0.785
11.963 22.163 0.785
11.979 22.180 0.785
11.997 22.196 0.756
12.015 22.213 0.704
12.033 22.228 0.652
12.053 22.242 0.600
12.073 22.255 0.548
12.094 22.267 0.496
12.116 22.278 0.445
12.137 22.288 0.393
12.156 22.295 0.393
12.175 22.303 0.393
12.194 22.311 0.393
12.213 22.319 0.374
12.232 22.325 0.299
12.252 22.331 0.224
12.272 22.335 0.149
12.292 22.337 0.075
12.312 22.338 0.000
12.315 22.338 0.000
12.318 22.338 0.000
12.321 22.338 0.000
12.324 22.338 0.000
12.326 22.338 0.000
12.329 22.338 0.000
12.332 22.338 0.000
12.335 22.338 0.000
12.338 22.338 0.000
12.340 22.338 0.000
12.343 22.338 0.000
12.346 22.338 0.000
12.349 22.338 0.000
12.351 22.338 0.000
12.354 22.338 0.000
12.357 22.338 0.000
12.360 22.338 0.000
12.363 22.338 0.000
12.385 22.338 0.000
12.408 22.338 0.000
12.430 22.338 0.000
12.453 22.338 0.049
12.475 22.340 0.118
12.498 22.343 0.186
12.520 22.348 0.255
12.541 22.355 0.324
12.562 22.363 0.393
12.581 22.370 0.393
12.600 22.378 0.393
12.619 22.386 0.393
12.638 22.394 0.374
12.657 22.400 0.299
12.677 22.406 0.224
12.697 22.410 0.149
12.717 22.412 0.075
12.738 22.413 0.000
12.740 22.413 0.000
12.743 22.413 0.000
12.746 22.413 0.000
12.749 22.413 0.000
12.751 22.413 0.000
12.754 22.413 0.000
12.757 22.413 0.000
12.760 22.413 0.000
12.762 22.413 0.000
12.765 22.413 0.000
12.768 22.413 0.000
12.771 22.413 0.000
12.774 22.413 0.000
12.776 22.413 0.000
12.779 22.413 0.000
12.782 22.413 0.000
12.785 22.413 0.000
12.787 22.413 0.000
12.790 22.413 0.000
12.793 22.413 0.000
12.796 22.413 0.000
12.799 22.413 0.000
12.801 22.413 0.000
12.804 22.413 0.000
12.807 22.413 0.000
12.810 22.413 0.000
12.812 22.413 0.000
12.815 22.413 0.000
12.818 22.413 0.000
12.821 22.413 0.000
12.824 22.413 0.000
12.826 22.413 0.000
12.829 22.413 0.000
12.832 22.413 0.000
12.835 22.413 0.000
12.838 22.413 0.000
12.860 22.413 0.000
12.882 22.413 0.000
12.904 22.413 0.000
12.926 22.413 0.000
12.949 22.413 0.000
12.971 22.413 0.000
12.993 22.413 0.000
13.015 22.413 0.000
13.037 22.413 0.000
13.040 22.413 0.000
13.043 22.413 0.000
13.046 22.413 0.000
13.049 22.413 0.000
13.051 22.413 0.000
13.054 22.413 0.000
13.057 22.413 0.000
13.060 22.413 0.000
13.062 22.413 0.000
13.065 22.413 0.000
13.068 22.413 0.000
13.071 22.413 0.000
13.074 22.413 0.000
13.076 22.413 0.000
13.079 22.413 0.000
13.082 22.413 0.000
13.085 22.413 0.000
13.088 22.413 0.000
13.090 22.413 0.000
13.093 22.413 0.000
13.096 22.413 0.000
13.099 22.413 0.000
13.101 22.413 0.000
13.104 22.413 0.000
13.107 22.413 0.000
13.110 22.413 0.000
13.113 22.413 0.000
13.115 22.413 0.000
13.118 22.413 0.000
13.121 22.413 0.000
13.124 22.413 0.000
13.126 22.413 0.000
13.129 22.413 0.000
13.132 22.413 0.000
13.135 22.413 0.000
13.137 22.413 0.000
13.140 22.413 0.000
13.143 22.413 0.000
13.146 22.413 0.000
13.149 22.413 0.000
13.151 22.413 0.000
13.154 22.413 0.000
13.157 22.413 0.000
13.160 22.413 0.000
13.162 22.413 0.000
13.165 22.413 0.000
13.168 22.413 0.000
13.171 22.413 0.000
13.174 22.413 0.000
13.176 22.413 0.000
13.179 22.413 0.000
13.182 22.413 0.000
13.185 22.413 0.000
13.188 22.413 0.000
13.190 22.413 0.000
13.193 22.413 0.000
13.196 22.413 0.000
13.199 22.413 0.000
13.201 22.413 0.000
13.204 22.413 0.000
13.207 22.413 0.000
13.210 22.413 0.000
13.213 22.413 0.000
13.215 22.413 0.000
13.218 22.413 0.000
13.221 22.413 0.000
13.224 22.413 0.000
13.226 22.413 0.000
13.229 22.413 0.000
13.232 22.413 0.000
13.235 22.413 0.000
13.238 22.413 0.000
13.240 22.413 0.000
13.243 22.413 0.000
13.246 22.413 0.000
13.249 22.413 0.000
13.251 22.413 0.000
13.254 22.413 0.000
13.257 22.413 0.000
13.260 22.413 0.000
13.262 22.413 0.000
13.265 22.413 0.000
13.268 22.413 0.000
13.271 22.413 0.000
13.274 22.413 0.000
13.276 22.413 0.000
13.279 22.413 0.000
13.282 22.413 0.000
13.285 22.413 0.000
13.287 22.413 0.000
13.290 22.413 0.000
13.293 22.413 0.000
13.296 22.413 0.000
13.299 22.413 0.000
13.301 22.413 0.000
13.304 22.413 0.000
13.307 22.413 0.000
13.310 22.413 0.000
13.312 22.413 0.000
13.335 22.413 0.000
13.358 22.413 0.000
13.380 22.413 0.000
13.403 22.413 0.049
13.425 22.415 0.118
13.448 22.418 0.186
13.470 22.423 0.255
13.491 22.430 0.324
13.512 22.438 0.393
13.518 22.440 0.393
13.524 22.443 0.393
13.529 22.446 0.393
13.535 22.449 0.393
13.540 22.451 0.393
13.546 22.454 0.393
13.551 22.457 0.393
13.557 22.460 0.393
13.562 22.463 0.393
13.579 22.471 0.393
13.596 22.479 0.393
13.613 22.488 0.393
13.629 22.496 0.393
13.646 22.504 0.393
13.662 22.513 0.393
13.679 22.521 0.393
13.696 22.529 0.393
13.713 22.538 0.393
13.729 22.546 0.393
13.746 22.554 0.393
13.763 22.562 0.393
13.779 22.571 0.393
13.796 22.579 0.393
13.812 22.588 0.393
13.829 22.596 0.393
13.846 22.604 0.393
13.863 22.613 0.393
13.868 22.615 0.393
13.874 22.618 0.393
13.879 22.621 0.393
13.885 22.624 0.393
13.890 22.626 0.393
13.896 22.629 0.393
13.901 22.632 0.393
13.907 22.635 0.393
13.912 22.637 0.393
13.927 22.647 0.423
13.942 22.656 0.453
13.957 22.667 0.484
13.971 22.677 0.514
13.985 22.688 0.544
13.998 22.700 0.575
14.012 22.712 0.605
14.025 22.725 0.635
14.037 22.738 0.785
14.054 22.754 0.785
14.071 22.771 0.785
14.088 22.788 0.785
14.104 22.804 0.785
14.121 22.821 0.785
14.137 22.838 0.785
14.154 22.854 0.785
14.171 22.871 0.785
14.188 22.887 0.785
14.204 22.904 0.785
14.221 22.921 0.785
14.238 22.938 0.785
14.254 22.954 0.785
14.271 22.971 0.785
14.287 22.988 0.785
14.304 23.004 0.785
14.321 23.021 0.785
14.338 23.038 0.785
14.354 23.055 0.785
14.371 23.072 0.815
14.388 23.090 0.867
14.403 23.108 0.919
14.417 23.128 0.971
14.430 23.148 1.022
14.442 23.169 1.074
14.453 23.191 1.126
14.463 23.213 1.178
14.465 23.218 1.178
14.468 23.224 1.178
14.471 23.229 1.178
14.474 23.235 1.178
14.476 23.240 1.178
14.479 23.246 1.178
14.482 23.251 1.178
14.485 23.257 1.178
14.488 23.262 1.178
14.496 23.279 1.178
14.504 23.296 1.178
14.513 23.312 1.178
14.521 23.329 1.178
14.529 23.346 1.178
14.538 23.363 1.178
14.546 23.379 1.178
14.554 23.396 1.178
14.562 23.413 1.178
14.571 23.429 1.178
14.579 23.446 1.178
14.588 23.463 1.178
14.596 23.479 1.178
14.604 23.496 1.178
14.613 23.513 1.178
14.621 23.529 1.178
14.629 23.546 1.178
14.637 23.562 1.178
14.646 23.579 1.178
14.654 23.596 1.178
14.662 23.613 1.178
14.671 23.629 1.178
14.679 23.646 1.178
14.688 23.663 1.178
14.696 23.679 1.178
14.704 23.696 1.178
14.713 23.713 1.178
14.721 23.729 1.178
14.729 23.746 1.178
14.738 23.763 1.178
14.746 23.779 1.178
14.754 23.796 1.178
14.763 23.813 1.178
14.771 23.829 1.178
14.779 23.846 1.178
14.787 23.863 1.178
14.790 23.868 1.178
14.793 23.874 1.178
14.796 23.879 1.178
14.799 23.885 1.178
14.801 23.890 1.178
14.804 23.896 1.178
14.807 23.901 1.178
14.810 23.907 1.178
14.812 23.913 1.178
14.821 23.929 1.178
14.829 23.946 1.178
14.838 23.963 1.178
14.846 23.979 1.178
14.854 23.996 1.178
14.863 24.013 1.178
14.871 24.029 1.178
14.879 24.046 1.178
14.887 24.062 1.178
14.896 24.079 1.178
14.904 24.096 1.178
14.912 24.113 1.178
14.921 24.129 1.178
14.929 24.146 1.178
14.938 24.163 1.178
14.946 24.179 1.178
14.954 24.196 1.178
14.963 24.213 1.178
14.971 24.229 1.178
14.979 24.246 1.178
14.988 24.263 1.178
14.996 24.279 1.178
15.004 24.296 1.178
15.013 24.313 1.178
15.021 24.329 1.178
15.029 24.346 1.178
15.037 24.363 1.178
15.046 24.379 1.178
15.054 24.396 1.178
15.062 24.413 1.178
15.071 24.429 1.178
15.079 24.446 1.178
15.088 24.463 1.178
15.096 24.479 1.178
15.104 24.496 1.178
15.113 24.512 1.178
15.121 24.529 1.178
15.129 24.546 1.178
15.138 24.562 1.178
15.146 24.579 1.178
15.154 24.596 1.178
15.163 24.613 1.178
15.171 24.629 1.178
15.179 24.646 1.178
15.188 24.663 1.178
15.196 24.679 1.178
15.204 24.696 1.178
15.213 24.713 1.178
15.221 24.729 1.178
15.229 24.746 1.178
15.238 24.763 1.178
15.246 24.779 1.178
15.254 24.796 1.178
15.262 24.812 1.178
15.271 24.829 1.178
15.279 24.846 1.178
15.287 24.863 1.178
15.296 24.879 1.178
15.304 24.896 1.178
15.312 24.913 1.178
15.321 24.929 1.178
15.329 24.946 1.178
15.338 24.963 1.178
15.346 24.979 1.178
15.354 24.996 1.178
15.363 25.013 1.178
15.371 25.029 1.178
15.379 25.046 1.178
15.388 25.063 1.178
15.396 25.079 1.178
15.404 25.096 1.178
15.412 25.113 1.178
15.421 25.129 1.178
15.429 25.146 1.178
15.438 25.163 1.178
15.446 25.179 1.178
15.454 25.196 1.178
15.463 25.213 1.178
15.471 25.229 1.178
15.479 25.246 1.178
15.488 25.262 1.178
15.496 25.279 1.178
15.504 25.296 1.178
15.513 25.312 1.178
15.521 25.329 1.178
15.529 25.346 1.178
15.538 25.363 1.178
15.546 25.379 1.178
15.554 25.396 1.178
15.562 25.413 1.178
15.565 25.418 1.178
15.568 25.424 1.178
15.571 25.429 1.178
15.574 25.435 1.178
15.576 25.440 1.178
15.579 25.446 1.178
15.582 25.451 1.178
15.585 25.457 1.178
15.588 25.463 1.178
15.596 25.479 1.178
15.604 25.496 1.178
15.613 25.513 1.178
15.621 25.529 1.178
15.629 25.546 1.178
15.638 25.563 1.178
15.646 25.579 1.178
15.654 25.596 1.178
15.662 25.613 1.178
15.671 25.629 1.178
15.679 25.646 1.178
15.688 25.663 1.178
15.696 25.679 1.178
15.704 25.696 1.178
15.713 25.713 1.178
15.721 25.729 1.178
15.729 25.746 1.178
15.738 25.762 1.178
15.746 25.779 1.178
15.754 25.796 1.178
15.763 25.812 1.178
15.771 25.829 1.178
15.779 25.846 1.178
15.788 25.863 1.178
15.796 25.879 1.178
15.804 25.896 1.178
15.812 25.913 1.178
15.821 25.929 1.178
15.829 25.946 1.178
15.838 25.963 1.178
15.846 25.979 1.178
15.854 25.996 1.178
15.863 26.013 1.178
15.871 26.029 1.178
15.879 26.046 1.178
15.887 26.062 1.178
15.896 26.079 1.178
15.904 26.096 1.178
15.912 26.113 1.178
15.921 26.129 1.178
15.929 26.146 1.178
15.938 26.163 1.178
15.946 26.179 1.178
15.954 26.196 1.178
15.963 26.213 1.178
15.971 26.229 1.178
15.979 26.246 1.178
15.988 26.263 1.178
15.996 26.279 1.178
16.004 26.296 1.178
16.012 26.313 1.178
16.021 26.329 1.178
16.029 26.346 1.178
16.038 26.363 1.178
16.046 26.379 1.178
16.054 26.396 1.178
16.062 26.413 1.178
16.071 26.429 1.178
16.079 26.446 1.178
16.088 26.463 1.178
16.096 26.479 1.178
16.104 26.496 1.178
16.113 26.512 1.178
16.121 26.529 1.178
16.129 26.546 1.178
16.137 26.562 1.178
16.146 26.579 1.178
16.154 26.596 1.178
16.163 26.613 1.178
16.171 26.629 1.178
16.179 26.646 1.178
16.188 26.663 1.178
16.195 26.681 1.178
16.203 26.700 1.178
16.211 26.719 1.178
16.219 26.738 1.197
16.225 26.757 1.272
16.231 26.777 1.347
16.235 26.797 1.421
16.237 26.817 1.496
16.238 26.838 1.571
16.238 26.840 1.571
16.238 26.843 1.571
16.238 26.846 1.571
16.238 26.849 1.571
16.238 26.851 1.571
16.238 26.854 1.571
16.238 26.857 1.571
16.238 26.860 1.571
16.238 26.863 1.571
16.238 26.865 1.571
16.238 26.868 1.571
16.238 26.871 1.571
16.238 26.874 1.571
16.238 26.876 1.571
16.238 26.879 1.571
16.238 26.882 1.571
16.238 26.885 1.571
16.238 26.887 1.571
16.238 26.910 1.571
16.238 26.932 1.571
16.238 26.954 1.571
16.238 26.976 1.571
16.238 26.999 1.571
16.238 27.021 1.571
16.238 27.043 1.571
16.238 27.065 1.571
16.238 27.088 1.571
16.238 27.110 1.571
16.238 27.132 1.571
16.238 27.154 1.571
16.238 27.176 1.571
16.238 27.199 1.571
16.238 27.221 1.571
16.238 27.243 1.571
16.238 27.265 1.571
16.238 27.288 1.571
16.238 27.310 1.571
16.238 27.332 1.571
16.238 27.354 1.571
16.238 27.376 1.571
16.238 27.399 1.571
16.238 27.421 1.571
16.238 27.443 1.571
16.238 27.465 1.571
16.238 27.488 1.571
16.238 27.510 1.571
16.238 27.532 1.571
16.238 27.554 1.571
16.238 27.576 1.571
16.238 27.599 1.571
16.238 27.621 1.571
16.238 27.643 1.571
16.238 27.665 1.571
16.238 27.688 1.571
16.238 27.710 1.571
16.238 27.732 1.571
16.238 27.754 1.571
16.238 27.776 1.571
16.238 27.799 1.571
16.238 27.821 1.571
16.238 27.843 1.571
16.238 27.865 1.571
16.238 27.887 1.571
16.238 27.910 1.571
16.238 27.932 1.571
16.238 27.954 1.571
16.238 27.976 1.571
16.238 27.999 1.571
16.238 28.021 1.571
16.238 28.043 1.571
16.238 28.065 1.571
16.238 28.088 1.571
16.238 28.090 1.571
16.238 28.093 1.571
16.238 28.096 1.571
16.238 28.099 1.571
16.238 28.101 1.571
16.238 28.104 1.571
16.238 28.107 1.571
16.238 28.110 1.571
16.238 28.113 1.571
16.238 28.115 1.571
16.238 28.118 1.571
16.238 28.121 1.571
16.238 28.124 1.571
16.238 28.126 1.571
16.238 28.129 1.571
16.238 28.132 1.571
16.238 28.135 1.571
16.238 28.137 1.571
16.238 28.140 1.571
16.238 28.143 1.571
16.238 28.146 1.571
16.238 28.149 1.571
16.238 28.151 1.571
16.238 28.154 1.571
16.238 28.157 1.571
16.238 28.160 1.571
16.238 28.163 1.571
16.238 28.165 1.571
16.238 28.168 1.571
16.238 28.171 1.571
16.238 28.174 1.571
16.238 28.176 1.571
16.238 28.179 1.571
16.238 28.182 1.571
16.238 28.185 1.571
16.238 28.188 1.571
16.238 28.190 1.571
16.238 28.193 1.571
16.238 28.196 1.571
16.238 28.199 1.571
16.238 28.201 1.571
16.238 28.204 1.571
16.238 28.207 1.571
16.238 28.210 1.571
16.238 28.213 1.571
16.238 28.235 1.571
16.238 28.258 1.571
16.238 28.280 1.571
16.238 28.303 1.522
16.240 28.325 1.453
16.243 28.348 1.384
16.248 28.370 1.316
16.255 28.391 1.247
16.262 28.413 1.178
16.265 28.418 1.178
16.268 28.424 1.178
16.271 28.429 1.178
16.274 28.435 1.178
16.276 28.440 1.178
16.279 28.446 1.178
16.282 28.451 1.178
16.285 28.457 1.178
16.288 28.463 1.178
16.296 28.479 1.178
16.304 28.496 1.178
16.312 28.513 1.178
16.321 28.529 1.178
16.329 28.546 1.178
16.338 28.563 1.178
16.346 28.579 1.178
16.354 28.596 1.178
16.363 28.613 1.178
16.371 28.629 1.178
16.379 28.646 1.178
16.387 28.663 1.178
16.396 28.679 1.178
16.404 28.696 1.178
16.413 28.713 1.178
16.421 28.729 1.178
16.429 28.746 1.178
16.438 28.762 1.178
16.446 28.779 1.178
16.454 28.796 1.178
16.462 28.812 1.178
16.471 28.829 1.178
16.479 28.846 1.178
16.488 28.863 1.178
16.496 28.879 1.178
16.504 28.896 1.178
16.512 28.913 1.178
16.521 28.929 1.178
16.529 28.946 1.178
16.537 28.963 1.178
16.546 28.979 1.178
16.554 28.996 1.178
16.562 29.013 1.178
16.571 29.029 1.178
16.579 29.046 1.178
16.587 29.062 1.178
16.596 29.079 1.178
16.604 29.096 1.178
16.612 29.113 1.178
16.621 29.129 1.178
16.629 29.146 1.178
16.637 29.163 1.178
16.646 29.179 1.178
16.654 29.196 1.178
16.663 29.213 1.178
16.671 29.229 1.178
16.679 29.246 1.178
16.688 29.263 1.178
16.696 29.279 1.178
16.704 29.296 1.178
16.713 29.313 1.178
16.721 29.329 1.178
16.729 29.346 1.178
16.738 29.363 1.178
16.746 29.379 1.178
16.754 29.396 1.178
16.762 29.413 1.178
16.771 29.429 1.178
16.779 29.446 1.178
16.788 29.463 1.178
16.796 29.479 1.178
16.804 29.496 1.178
16.812 29.512 1.178
16.821 29.529 1.178
16.829 29.546 1.178
16.837 29.562 1.178
16.846 29.579 1.178
16.854 29.596 1.178
16.863 29.613 1.178
16.871 29.629 1.178
16.879 29.646 1.178
16.887 29.663 1.178
16.896 29.679 1.178
16.904 29.696 1.178
16.912 29.713 1.178
16.921 29.729 1.178
16.929 29.746 1.178
16.938 29.763 1.178
16.946 29.779 1.178
16.954 29.796 1.178
16.962 29.812 1.178
16.971 29.829 1.178
16.979 29.846 1.178
16.987 29.863 1.178
16.996 29.879 1.178
17.004 29.896 1.178
17.012 29.913 1.178
17.021 29.929 1.178
17.029 29.946 1.178
17.038 29.963 1.178
17.046 29.979 1.178
17.054 29.996 1.178
17.062 30.013 1.178
17.071 30.029 1.178
17.079 30.046 1.178
17.088 30.063 1.178
17.096 30.079 1.178
17.104 30.096 1.178
17.113 30.113 1.178
17.121 30.129 1.178
17.129 30.146 1.178
17.137 30.163 1.178
17.146 30.179 1.178
17.154 30.196 1.178
17.163 30.213 1.178
17.171 30.229 1.178
17.179 30.246 1.178
17.188 30.262 1.178
17.196 30.279 1.178
17.204 30.296 1.178
17.212 30.312 1.178
17.221 30.329 1.178
17.229 30.346 1.178
17.238 30.363 1.178
17.246 30.379 1.178
17.254 30.396 1.178
17.262 30.413 1.178
17.271 30.429 1.178
17.279 30.446 1.178
17.287 30.463 1.178
17.296 30.479 1.178
17.304 30.496 1.178
17.312 30.513 1.178
17.321 30.529 1.178
17.329 30.546 1.178
17.337 30.562 1.178
17.346 30.579 1.178
17.354 30.596 1.178
17.362 30.613 1.178
17.371 30.629 1.178
17.379 30.646 1.178
17.387 30.663 1.178
17.396 30.679 1.178
17.404 30.696 1.178
17.413 30.713 1.178
17.420 30.731 1.178
17.428 30.750 1.178
17.436 30.769 1.178
17.444 30.788 1.197
17.450 30.807 1.272
17.456 30.827 1.347
17.460 30.847 1.421
17.462 30.867 1.496
17.462 30.887 1.571
17.462 30.890 1.571
17.462 30.893 1.571
17.462 30.896 1.571
17.462 30.899 1.571
17.462 30.901 1.571
17.462 30.904 1.571
17.462 30.907 1.571
17.462 30.910 1.571
17.462 30.913 1.571
17.462 30.915 1.571
17.462 30.918 1.571
17.462 30.921 1.571
17.462 30.924 1.571
17.462 30.926 1.571
17.462 30.929 1.571
17.462 30.932 1.571
17.462 30.935 1.571
17.462 30.938 1.571
17.462 30.960 1.571
17.462 30.982 1.571
17.462 31.004 1.571
17.462 31.026 1.571
17.462 31.049 1.571
17.462 31.071 1.571
17.462 31.093 1.571
17.462 31.115 1.571
17.462 31.137 1.571
17.462 31.140 1.571
17.462 31.143 1.571
17.462 31.146 1.571
17.462 31.149 1.571
17.462 31.151 1.571
17.462 31.154 1.571
17.462 31.157 1.571
17.462 31.160 1.571
17.462 31.163 1.571
17.462 31.165 1.571
17.462 31.168 1.571
17.462 31.171 1.571
17.462 31.174 1.571
17.462 31.176 1.571
17.462 31.179 1.571
17.462 31.182 1.571
17.462 31.185 1.571
17.462 31.188 1.571
17.462 31.190 1.571
17.462 31.193 1.571
17.462 31.196 1.571
17.462 31.199 1.571
17.462 31.201 1.571
17.462 31.204 1.571
17.462 31.207 1.571
17.462 31.210 1.571
17.462 31.213 1.571
17.462 31.215 1.571
17.462 31.218 1.571
17.462 31.221 1.571
17.462 31.224 1.571
17.462 31.226 1.571
17.462 31.229 1.571
17.462 31.232 1.571
17.462 31.235 1.571
17.462 31.238 1.571
17.462 31.240 1.571
17.462 31.243 1.571
17.462 31.246 1.571
17.462 31.249 1.571
17.462 31.251 1.571
17.462 31.254 1.571
17.462 31.257 1.571
17.462 31.260 1.571
17.462 31.262 1.571
17.462 31.285 1.571
17.462 31.307 1.571
17.462 31.329 1.571
17.462 31.351 1.571
17.462 31.374 1.571
17.462 31.396 1.571
17.462 31.418 1.571
17.462 31.440 1.571
17.462 31.463 1.571
17.462 31.485 1.571
17.462 31.507 1.571
17.462 31.529 1.571
17.462 31.551 1.571
17.462 31.574 1.571
17.462 31.596 1.571
17.462 31.618 1.571
17.462 31.640 1.571
17.462 31.663 1.571
17.462 31.685 1.571
17.462 31.707 1.571
17.462 31.729 1.571
17.462 31.751 1.571
17.462 31.774 1.571
17.462 31.796 1.571
17.462 31.818 1.571
17.462 31.840 1.571
17.462 31.863 1.571
17.462 31.865 1.571
17.462 31.868 1.571
17.462 31.871 1.571
17.462 31.874 1.571
17.462 31.876 1.571
17.462 31.879 1.571
17.462 31.882 1.571
17.462 31.885 1.571
17.462 31.887 1.571
17.462 31.890 1.571
17.462 31.893 1.571
17.462 31.896 1.571
17.462 31.899 1.571
17.462 31.901 1.571
17.462 31.904 1.571
17.462 31.907 1.571
17.462 31.910 1.571
17.462 31.913 1.571
17.462 31.915 1.571
17.462 31.918 1.571
17.462 31.921 1.571
17.462 31.924 1.571
17.462 31.926 1.571
17.462 31.929 1.571
17.462 31.932 1.571
17.462 31.935 1.571
17.462 31.938 1.571
17.462 31.940 1.571
17.462 31.943 1.571
17.462 31.946 1.571
17.462 31.949 1.571
17.462 31.951 1.571
17.462 31.954 1.571
17.462 31.957 1.571
17.462 31.960 1.571
17.462 31.963 1.571
17.462 31.965 1.571
17.462 31.968 1.571
17.462 31.971 1.571
17.462 31.974 1.571
17.462 31.976 1.571
17.462 31.979 1.571
17.462 31.982 1.571
17.462 31.985 1.571
17.462 31.988 1.571
17.462 31.990 1.571
17.462 31.993 1.571
17.462 31.996 1.571
17.462 31.999 1.571
17.462 32.001 1.571
17.462 32.004 1.571
17.462 32.007 1.571
17.462 32.010 1.571
17.462 32.013 1.571
17.462 32.015 1.571
17.462 32.018 1.571
17.462 32.021 1.571
17.462 32.024 1.571
17.462 32.026 1.571
17.462 32.029 1.571
17.462 32.032 1.571
17.462 32.035 1.571
17.462 32.038 1.571
17.462 32.060 1.571
17.462 32.082 1.571
17.462 32.104 1.571
17.462 32.126 1.571
17.462 32.149 1.571
17.462 32.171 1.571
17.462 32.193 1.571
17.462 32.215 1.571
17.462 32.238 1.571
17.462 32.260 1.571
17.462 32.283 1.571
17.462 32.305 1.571
17.463 32.328 1.522
17.465 32.350 1.453
17.468 32.373 1.384
17.473 32.395 1.316
17.480 32.416 1.247
17.488 32.438 1.178
17.485 32.432 1.178
17.482 32.426 1.178
17.479 32.421 1.178
17.476 32.415 1.178
17.474 32.410 1.178
17.471 32.404 1.178
17.468 32.399 1.178
17.465 32.393 1.178
17.462 32.388 1.178
17.470 32.406 1.178
17.478 32.425 1.178
17.486 32.444 1.178
17.494 32.463 1.197
17.500 32.482 1.272
17.506 32.502 1.347
17.509 32.522 1.421
17.512 32.542 1.496
17.512 32.563 1.571
17.512 32.565 1.571
17.512 32.568 1.571
17.512 32.571 1.571
17.512 32.574 1.571
17.512 32.576 1.571
17.512 32.579 1.571
17.512 32.582 1.571
17.512 32.585 1.571
17.512 32.588 1.571
17.512 32.590 1.571
17.512 32.593 1.571
17.512 32.596 1.571
17.512 32.599 1.571
17.512 32.601 1.571
17.512 32.604 1.571
17.512 32.607 1.571
17.512 32.610 1.571
17.512 32.613 1.571
17.512 32.615 1.571
17.512 32.618 1.571
17.512 32.621 1.571
17.512 32.624 1.571
17.512 32.626 1.571
17.512 32.629 1.571
17.512 32.632 1.571
17.512 32.635 1.571
17.512 32.638 1.571
17.512 32.640 1.571
17.512 32.643 1.571
17.512 32.646 1.571
17.512 32.649 1.571
17.512 32.651 1.571
17.512 32.654 1.571
17.512 32.657 1.571
17.512 32.660 1.571
17.512 32.663 1.571
17.512 32.665 1.571
17.512 32.668 1.571
17.512 32.671 1.571
17.512 32.674 1.571
17.512 32.676 1.571
17.512 32.679 1.571
17.512 32.682 1.571
17.512 32.685 1.571
17.512 32.688 1.571
17.512 32.690 1.571
17.512 32.693 1.571
17.512 32.696 1.571
17.512 32.699 1.571
17.512 32.701 1.571
17.512 32.704 1.571
17.512 32.707 1.571
17.512 32.710 1.571
17.512 32.713 1.571
17.512 32.735 1.571
17.512 32.757 1.571
17.512 32.779 1.571
17.512 32.801 1.571
17.512 32.824 1.571
17.512 32.846 1.571
17.512 32.868 1.571
17.512 32.890 1.571
17.512 32.913 1.571
17.512 32.935 1.571
17.512 32.957 1.571
17.512 32.979 1.571
17.512 33.001 1.571
17.512 33.024 1.571
17.512 33.046 1.571
17.512 33.068 1.571
17.512 33.090 1.571
17.512 33.113 1.571
17.512 33.135 1.571
17.512 33.157 1.571
17.512 33.179 1.571
17.512 33.201 1.571
17.512 33.224 1.571
17.512 33.246 1.571
17.512 33.268 1.571
17.512 33.290 1.571
17.512 33.313 1.571
17.512 33.335 1.571
17.512 33.357 1.571
17.512 33.379 1.571
17.512 33.401 1.571
17.512 33.424 1.571
17.512 33.446 1.571
17.512 33.468 1.571
17.512 33.490 1.571
17.512 33.513 1.571
17.512 33.535 1.571
17.512 33.557 1.571
17.512 33.579 1.571
17.512 33.601 1.571
17.512 33.624 1.571
17.512 33.646 1.571
17.512 33.668 1.571
17.512 33.690 1.571
17.512 33.713 1.571
17.512 33.735 1.571
17.512 33.757 1.571
17.512 33.779 1.571
17.512 33.801 1.571
17.512 33.824 1.571
17.512 33.846 1.571
17.512 33.868 1.571
17.512 33.890 1.571
17.512 33.913 1.571
17.512 33.935 1.571
17.512 33.957 1.571
17.512 33.979 1.571
17.512 34.001 1.571
17.512 34.024 1.571
17.512 34.046 1.571
17.512 34.068 1.571
17.512 34.090 1.571
17.512 34.113 1.571
17.512 34.135 1.571
17.512 34.157 1.571
17.512 34.179 1.571
17.512 34.201 1.571
17.512 34.224 1.571
17.512 34.246 1.571
17.512 34.268 1.571
17.512 34.290 1.571
17.512 34.313 1.571
17.512 34.335 1.571
17.512 34.357 1.571
17.512 34.379 1.571
17.512 34.401 1.571
17.512 34.424 1.571
17.512 34.446 1.571
17.512 34.468 1.571
17.512 34.490 1.571
17.512 34.513 1.571
17.512 34.535 1.571
17.512 34.557 1.571
17.512 34.579 1.571
17.512 34.601 1.571
17.512 34.624 1.571
17.512 34.646 1.571
17.512 34.668 1.571
17.512 34.690 1.571
17.512 34.713 1.571
17.512 34.735 1.571
17.512 34.757 1.571
17.512 34.779 1.571
17.512 34.801 1.571
17.512 34.824 1.571
17.512 34.846 1.571
17.512 34.868 1.571
17.512 34.890 1.571
17.512 34.913 1.571
17.512 34.935 1.571
17.512 34.957 1.571
17.512 34.979 1.571
17.512 35.001 1.571
17.512 35.024 1.571
17.512 35.046 1.571
17.512 35.068 1.571
17.512 35.090 1.571
17.512 35.113 1.571
17.512 35.135 1.571
17.512 35.157 1.571
17.512 35.179 1.571
17.512 35.201 1.571
17.512 35.224 1.571
17.512 35.246 1.571
17.512 35.268 1.571
17.512 35.290 1.571
17.512 35.313 1.571
17.512 35.335 1.571
17.512 35.357 1.571
17.512 35.379 1.571
17.512 35.401 1.571
17.512 35.424 1.571
17.512 35.446 1.571
17.512 35.468 1.571
17.512 35.490 1.571
17.512 35.513 1.571
17.512 35.535 1.571
17.512 35.558 1.571
17.512 35.580 1.571
17.513 35.603 1.522
17.515 35.625 1.453
17.518 35.648 1.384
17.523 35.670 1.316
17.530 35.691 1.247
17.538 35.713 1.178
17.535 35.707 1.178
17.532 35.701 1.178
17.529 35.696 1.178
17.526 35.690 1.178
17.524 35.685 1.178
17.521 35.679 1.178
17.518 35.674 1.178
17.515 35.668 1.178
17.512 35.663 1.178
17.522 35.677 1.148
17.531 35.692 1.117
17.542 35.706 1.087
17.552 35.721 1.057
17.563 35.735 1.027
17.575 35.748 0.996
17.587 35.762 0.966
17.600 35.775 0.936
17.613 35.788 0.785
17.615 35.790 0.785
17.618 35.793 0.785
17.621 35.796 0.785
17.624 35.799 0.785
17.626 35.801 0.785
17.629 35.804 0.785
17.632 35.807 0.785
17.635 35.810 0.785
17.637 35.813 0.785
17.640 35.815 0.785
17.643 35.818 0.785
17.646 35.821 0.785
17.649 35.824 0.785
17.651 35.826 0.785
17.654 35.829 0.785
17.657 35.832 0.785
17.660 35.835 0.785
17.663 35.838 0.785
17.665 35.840 0.785
17.668 35.843 0.785
17.671 35.846 0.785
17.674 35.849 0.785
17.676 35.851 0.785
17.679 35.854 0.785
17.682 35.857 0.785
17.685 35.860 0.785
17.688 35.863 0.785
17.704 35.879 0.785
17.721 35.896 0.785
17.738 35.913 0.785
17.754 35.929 0.785
17.771 35.946 0.785
17.788 35.963 0.785
17.804 35.979 0.785
17.821 35.996 0.785
17.837 36.013 0.785
17.854 36.029 0.785
17.871 36.046 0.785
17.887 36.062 0.785
17.904 36.079 0.785
17.921 36.096 0.785
17.938 36.113 0.785
17.954 36.129 0.785
17.971 36.146 0.785
17.988 36.163 0.785
18.004 36.179 0.785
18.021 36.196 0.785
18.038 36.212 0.785
18.054 36.229 0.785
18.071 36.246 0.785
18.088 36.263 0.785
18.104 36.279 0.785
18.121 36.296 0.785
18.137 36.313 0.785
18.154 36.329 0.785
18.171 36.346 0.785
18.188 36.363 0.785
18.204 36.379 0.785
18.221 36.396 0.785
18.238 36.413 0.785
18.254 36.429 0.785
18.271 36.446 0.785
18.288 36.463 0.785
18.305 36.480 0.785
18.321 36.497 0.815
18.338 36.515 0.867
18.353 36.533 0.919
18.367 36.553 0.971
18.380 36.573 1.022
18.392 36.594 1.074
18.403 36.616 1.126
18.413 36.638 1.178
18.415 36.643 1.178
18.418 36.649 1.178
18.421 36.654 1.178
18.424 36.660 1.178
18.426 36.665 1.178
18.429 36.671 1.178
18.432 36.676 1.178
18.435 36.682 1.178
18.438 36.688 1.178
18.446 36.704 1.178
18.454 36.721 1.178
18.462 36.738 1.178
18.471 36.754 1.178
18.479 36.771 1.178
18.488 36.788 1.178
18.496 36.804 1.178
18.504 36.821 1.178
18.512 36.838 1.178
18.520 36.856 1.178
18.528 36.875 1.178
18.536 36.894 1.178
18.544 36.913 1.197
18.550 36.932 1.272
18.556 36.952 1.347
18.559 36.972 1.421
18.562 36.992 1.496
18.562 37.013 1.571
18.562 37.015 1.571
18.562 37.018 1.571
18.562 37.021 1.571
18.562 37.024 1.571
18.562 37.026 1.571
18.562 37.029 1.571
18.562 37.032 1.571
18.562 37.035 1.571
18.562 37.038 1.571
18.562 37.040 1.571
18.562 37.043 1.571
18.562 37.046 1.571
18.562 37.049 1.571
18.562 37.051 1.571
18.562 37.054 1.571
18.562 37.057 1.571
18.562 37.060 1.571
18.562 37.063 1.571
18.562 37.065 1.571
18.562 37.068 1.571
18.562 37.071 1.571
18.562 37.074 1.571
18.562 37.076 1.571
18.562 37.079 1.571
18.562 37.082 1.571
18.562 37.085 1.571
18.562 37.088 1.571
18.562 37.090 1.571
18.562 37.093 1.571
18.562 37.096 1.571
18.562 37.099 1.571
18.562 37.101 1.571
18.562 37.104 1.571
18.562 37.107 1.571
18.562 37.110 1.571
18.562 37.113 1.571
18.562 37.115 1.571
18.562 37.118 1.571
18.562 37.121 1.571
18.562 37.124 1.571
18.562 37.126 1.571
18.562 37.129 1.571
18.562 37.132 1.571
18.562 37.135 1.571
18.562 37.138 1.571
18.562 37.160 1.571
18.562 37.182 1.571
18.562 37.204 1.571
18.562 37.226 1.571
18.562 37.249 1.571
18.562 37.271 1.571
18.562 37.293 1.571
18.562 37.315 1.571
18.562 37.338 1.571
18.562 37.360 1.571
18.562 37.382 1.571
18.562 37.404 1.571
18.562 37.426 1.571
18.562 37.449 1.571
18.562 37.471 1.571
18.562 37.493 1.571
18.562 37.515 1.571
18.562 37.538 1.571
18.562 37.560 1.571
18.562 37.582 1.571
18.562 37.604 1.571
18.562 37.626 1.571
18.562 37.649 1.571
18.562 37.671 1.571
18.562 37.693 1.571
18.562 37.715 1.571
18.562 37.738 1.571
18.562 37.760 1.571
18.562 37.782 1.571
18.562 37.804 1.571
18.562 37.826 1.571
18.562 37.849 1.571
18.562 37.871 1.571
18.562 37.893 1.571
18.562 37.915 1.571
18.562 37.938 1.571
18.562 37.960 1.571
18.562 37.982 1.571
18.562 38.004 1.571
18.562 38.026 1.571
18.562 38.049 1.571
18.562 38.071 1.571
18.562 38.093 1.571
18.562 38.115 1.571
18.562 38.138 1.571
18.562 38.160 1.571
18.562 38.182 1.571
18.562 38.204 1.571
18.562 38.226 1.571
18.562 38.249 1.571
18.562 38.271 1.571
18.562 38.293 1.571
18.562 38.315 1.571
18.562 38.338 1.571
18.562 38.360 1.571
18.562 38.382 1.571
18.562 38.404 1.571
18.562 38.426 1.571
18.562 38.449 1.571
18.562 38.471 1.571
18.562 38.493 1.571
18.562 38.515 1.571
18.562 38.538 1.571
18.562 38.560 1.571
18.562 38.582 1.571
18.562 38.604 1.571
18.562 38.626 1.571
18.562 38.649 1.571
18.562 38.671 1.571
18.562 38.693 1.571
18.562 38.715 1.571
18.562 38.738 1.571
18.562 38.760 1.571
18.562 38.782 1.571
18.562 38.804 1.571
18.562 38.826 1.571
18.562 38.849 1.571
18.562 38.871 1.571
18.562 38.893 1.571
18.562 38.915 1.571
18.562 38.938 1.571
18.562 38.960 1.571
18.562 38.982 1.571
18.562 39.004 1.571
18.562 39.026 1.571
18.562 39.049 1.571
18.562 39.071 1.571
18.562 39.093 1.571
18.562 39.115 1.571
18.562 39.138 1.571
18.562 39.160 1.571
18.562 39.182 1.571
18.562 39.204 1.571
18.562 39.226 1.571
18.562 39.249 1.571
18.562 39.271 1.571
18.562 39.293 1.571
18.562 39.315 1.571
18.562 39.338 1.571
18.562 39.360 1.571
18.562 39.382 1.571
18.562 39.404 1.571
18.562 39.426 1.571
18.562 39.449 1.571
18.562 39.471 1.571
18.562 39.493 1.571
18.562 39.515 1.571
18.562 39.538 1.571
18.562 39.560 1.571
18.562 39.582 1.571
18.562 39.604 1.571
18.562 39.626 1.571
18.562 39.649 1.571
18.562 39.671 1.571
18.562 39.693 1.571
18.562 39.715 1.571
18.562 39.738 1.571
18.562 39.760 1.571
18.562 39.782 1.571
18.562 39.804 1.571
18.562 39.826 1.571
18.562 39.849 1.571
18.562 39.871 1.571
18.562 39.893 1.571
18.562 39.915 1.571
18.562 39.938 1.571
18.562 39.960 1.571
18.562 39.982 1.571
18.562 40.004 1.571
18.562 40.026 1.571
18.562 40.049 1.571
18.562 40.071 1.571
18.562 40.093 1.571
18.562 40.115 1.571
18.562 40.138 1.571
18.562 40.160 1.571
18.562 40.182 1.571
18.562 40.204 1.571
18.562 40.226 1.571
18.562 40.249 1.571
18.562 40.271 1.571
18.562 40.293 1.571
18.562 40.315 1.571
18.562 40.338 1.571
18.562 40.360 1.571
18.562 40.382 1.571
18.562 40.404 1.571
18.562 40.426 1.571
18.562 40.449 1.571
18.562 40.471 1.571
18.562 40.493 1.571
18.562 40.515 1.571
18.562 40.538 1.571
18.562 40.560 1.571
18.562 40.582 1.571
18.562 40.604 1.571
18.562 40.626 1.571
18.562 40.649 1.571
18.562 40.671 1.571
18.562 40.693 1.571
18.562 40.715 1.571
18.562 40.738 1.571
18.562 40.760 1.571
18.562 40.782 1.571
18.562 40.804 1.571
18.562 40.826 1.571
18.562 40.849 1.571
18.562 40.871 1.571
18.562 40.893 1.571
18.562 40.915 1.571
18.562 40.938 1.571
18.562 40.960 1.571
18.562 40.982 1.571
18.562 41.004 1.571
18.562 41.026 1.571
18.562 41.049 1.571
18.562 41.071 1.571
18.562 41.093 1.571
18.562 41.115 1.571
18.562 41.138 1.571
18.562 41.160 1.571
18.562 41.182 1.571
18.562 41.204 1.571
18.562 41.226 1.571
18.562 41.249 1.571
18.562 41.271 1.571
18.562 41.293 1.571
18.562 41.315 1.571
18.562 41.338 1.571
18.562 41.360 1.571
18.562 41.383 1.571
18.562 41.405 1.571
18.563 41.428 1.522
18.565 41.450 1.453
18.568 41.473 1.384
18.573 41.495 1.316
18.580 41.516 1.247
18.587 41.538 1.178
18.590 41.543 1.178
18.593 41.549 1.178
18.596 41.554 1.178
18.599 41.560 1.178
18.601 41.565 1.178
18.604 41.571 1.178
18.607 41.576 1.178
18.610 41.582 1.178
18.613 41.588 1.178
18.621 41.604 1.178
18.629 41.621 1.178
18.637 41.638 1.178
18.646 41.654 1.178
18.654 41.671 1.178
18.663 41.688 1.178
18.671 41.704 1.178
18.679 41.721 1.178
18.688 41.738 1.178
18.697 41.752 1.148
18.706 41.767 1.117
18.717 41.782 1.087
18.727 41.796 1.057
18.738 41.810 1.027
18.750 41.823 0.996
18.762 41.837 0.966
18.775 41.850 0.936
18.788 41.863 0.785
18.790 41.865 0.785
18.793 41.868 0.785
18.796 41.871 0.785
18.799 41.874 0.785
18.801 41.876 0.785
18.804 41.879 0.785
18.807 41.882 0.785
18.810 41.885 0.785
18.812 41.888 0.785
18.829 41.904 0.785
18.846 41.921 0.785
18.863 41.938 0.785
18.879 41.954 0.785
18.896 41.971 0.785
18.913 41.988 0.785
18.929 42.004 0.785
18.946 42.021 0.785
18.962 42.038 0.785
18.979 42.054 0.785
18.996 42.071 0.785
19.012 42.088 0.785
19.029 42.104 0.785
19.046 42.121 0.785
19.062 42.138 0.785
19.079 42.154 0.785
19.096 42.171 0.785
19.113 42.188 0.785
19.130 42.205 0.785
19.147 42.221 0.756
19.165 42.238 0.704
19.183 42.253 0.652
19.203 42.267 0.600
19.223 42.280 0.548
19.244 42.292 0.496
19.265 42.303 0.445
19.288 42.313 0.393
19.293 42.315 0.393
19.299 42.318 0.393
19.304 42.321 0.393
19.310 42.324 0.393
19.315 42.326 0.393
19.321 42.329 0.393
19.326 42.332 0.393
19.332 42.335 0.393
19.338 42.338 0.393
19.354 42.346 0.393
19.371 42.354 0.393
19.388 42.363 0.393
19.404 42.371 0.393
19.421 42.379 0.393
19.438 42.388 0.393
19.454 42.396 0.393
19.471 42.404 0.393
19.488 42.413 0.393
19.504 42.421 0.393
19.521 42.429 0.393
19.538 42.438 0.393
19.554 42.446 0.393
19.571 42.454 0.393
19.588 42.463 0.393
19.604 42.471 0.393
19.621 42.479 0.393
19.637 42.488 0.393
19.654 42.496 0.393
19.671 42.504 0.393
19.688 42.513 0.393
19.704 42.521 0.393
19.721 42.529 0.393
19.738 42.538 0.393
19.754 42.546 0.393
19.771 42.554 0.393
19.788 42.563 0.393
19.804 42.571 0.393
19.821 42.579 0.393
19.838 42.588 0.393
19.854 42.596 0.393
19.871 42.604 0.393
19.888 42.613 0.393
19.904 42.621 0.393
19.921 42.629 0.393
19.938 42.638 0.393
19.954 42.646 0.393
19.971 42.654 0.393
19.988 42.663 0.393
20.004 42.671 0.393
20.021 42.679 0.393
20.038 42.688 0.393
20.054 42.696 0.393
20.071 42.704 0.393
20.088 42.713 0.393
20.104 42.721 0.393
20.121 42.729 0.393
20.138 42.738 0.393
20.154 42.746 0.393
20.171 42.754 0.393
20.188 42.763 0.393
20.204 42.771 0.393
20.221 42.779 0.393
20.238 42.788 0.393
20.254 42.796 0.393
20.271 42.804 0.393
20.288 42.813 0.393
20.304 42.821 0.393
20.321 42.829 0.393
20.338 42.838 0.393
20.354 42.846 0.393
20.371 42.854 0.393
20.387 42.863 0.393
20.404 42.871 0.393
20.421 42.879 0.393
20.438 42.888 0.393
20.454 42.896 0.393
20.471 42.904 0.393
20.488 42.913 0.393
20.504 42.921 0.393
20.521 42.929 0.393
20.538 42.938 0.393
20.554 42.946 0.393
20.571 42.954 0.393
20.588 42.963 0.393
20.604 42.971 0.393
20.621 42.979 0.393
20.638 42.988 0.393
20.654 42.996 0.393
20.671 43.004 0.393
20.688 43.013 0.393
20.704 43.021 0.393
20.721 43.029 0.393
20.738 43.038 0.393
20.754 43.046 0.393
20.771 43.054 0.393
20.788 43.062 0.393
20.804 43.071 0.393
20.821 43.079 0.393
20.838 43.088 0.393
20.854 43.096 0.393
20.871 43.104 0.393
20.888 43.113 0.393
20.904 43.121 0.393
20.921 43.129 0.393
20.938 43.138 0.393
20.954 43.146 0.393
20.971 43.154 0.393
20.988 43.163 0.393
21.006 43.170 0.393
21.025 43.178 0.393
21.044 43.186 0.393
21.063 43.194 0.374
21.082 43.200 0.299
21.102 43.206 0.224
21.122 43.210 0.149
21.142 43.212 0.075
21.163 43.213 0.000
21.185 43.213 0.000
21.207 43.213 0.000
21.229 43.213 0.000
21.251 43.213 0.000
21.274 43.213 0.000
21.296 43.213 0.000
21.318 43.213 0.000
21.340 43.213 0.000
21.363 43.213 0.000
21.385 43.213 0.000
21.407 43.213 0.000
21.429 43.213 0.000
21.451 43.213 0.000
21.474 43.213 0.000
21.496 43.213 0.000
21.518 43.213 0.000
21.540 43.213 0.000
21.562 43.213 0.000
21.585 43.213 0.000
21.607 43.213 0.000
21.629 43.213 0.000
21.651 43.213 0.000
21.674 43.213 0.000
21.696 43.213 0.000
21.718 43.213 0.000
21.740 43.213 0.000
21.762 43.213 0.000
21.785 43.213 0.000
21.807 43.213 0.000
21.829 43.213 0.000
21.851 43.213 0.000
21.874 43.213 0.000
21.896 43.213 0.000
21.918 43.213 0.000
21.940 43.213 0.000
21.963 43.213 0.000
21.985 43.213 0.000
22.007 43.213 0.000
22.029 43.213 0.000
22.051 43.213 0.000
22.074 43.213 0.000
22.096 43.213 0.000
22.118 43.213 0.000
22.140 43.213 0.000
22.163 43.213 0.000
22.185 43.213 0.000
22.207 43.213 0.000
22.229 43.213 0.000
22.251 43.213 0.000
22.274 43.213 0.000
22.296 43.213 0.000
22.318 43.213 0.000
22.340 43.213 0.000
22.363 43.213 0.000
22.385 43.213 0.000
22.407 43.213 0.000
22.429 43.213 0.000
22.451 43.213 0.000
22.474 43.213 0.000
22.496 43.213 0.000
22.518 43.213 0.000
22.540 43.213 0.000
22.562 43.213 0.000
22.585 43.213 0.000
22.607 43.213 0.000
22.629 43.213 0.000
22.651 43.213 0.000
22.674 43.213 0.000
22.696 43.213 0.000
22.718 43.213 0.000
22.740 43.213 0.000
22.762 43.213 0.000
22.785 43.213 0.000
22.807 43.213 0.000
22.829 43.213 0.000
22.851 43.213 0.000
22.874 43.213 0.000
22.896 43.213 0.000
22.918 43.213 0.000
22.940 43.213 0.000
22.963 43.213 0.000
22.985 43.213 0.000
23.007 43.213 0.000
23.029 43.213 0.000
23.051 43.213 0.000
23.074 43.213 0.000
23.096 43.213 0.000
23.118 43.213 0.000
23.140 43.213 0.000
23.163 43.213 0.000
23.185 43.213 0.000
23.207 43.213 0.000
23.229 43.213 0.000
23.251 43.213 0.000
23.274 43.213 0.000
23.296 43.213 0.000
23.318 43.213 0.000
23.340 43.213 0.000
23.363 43.213 0.000
23.385 43.213 0.000
23.407 43.213 0.000
23.429 43.213 0.000
23.451 43.213 0.000
23.474 43.213 0.000
23.496 43.213 0.000
23.518 43.213 0.000
23.540 43.213 0.000
23.562 43.213 0.000
23.585 43.213 0.000
23.607 43.213 0.000
23.629 43.213 0.000
23.651 43.213 0.000
23.674 43.213 0.000
23.696 43.213 0.000
23.718 43.213 0.000
23.740 43.213 0.000
23.762 43.213 0.000
23.785 43.213 0.000
23.807 43.213 0.000
23.829 43.213 0.000
23.851 43.213 0.000
23.874 43.213 0.000
23.896 43.213 0.000
23.918 43.213 0.000
23.940 43.213 0.000
23.963 43.213 0.000
23.985 43.213 0.000
24.007 43.213 0.000
24.029 43.213 0.000
24.051 43.213 0.000
24.074 43.213 0.000
24.096 43.213 0.000
24.118 43.213 0.000
24.140 43.213 0.000
24.163 43.213 0.000
24.185 43.213 0.000
24.207 43.213 0.000
24.229 43.213 0.000
24.251 43.213 0.000
24.274 43.213 0.000
24.296 43.213 0.000
24.318 43.213 0.000
24.340 43.213 0.000
24.363 43.213 0.000
24.385 43.213 0.000
24.407 43.213 0.000
24.429 43.213 0.000
24.451 43.213 0.000
24.474 43.213 0.000
24.496 43.213 0.000
24.518 43.213 0.000
24.540 43.213 0.000
24.562 43.213 0.000
24.585 43.213 0.000
24.607 43.213 0.000
24.629 43.213 0.000
24.651 43.213 0.000
24.674 43.213 0.000
24.696 43.213 0.000
24.718 43.213 0.000
24.740 43.213 0.000
24.762 43.213 0.000
24.785 43.213 0.000
24.807 43.213 0.000
24.829 43.213 0.000
24.851 43.213 0.000
24.874 43.213 0.000
24.896 43.213 0.000
24.918 43.213 0.000
24.940 43.213 0.000
24.963 43.213 0.000
24.985 43.213 0.000
25.007 43.213 0.000
25.029 43.213 0.000
25.051 43.213 0.000
25.074 43.213 0.000
25.096 43.213 0.000
25.118 43.213 0.000
25.140 43.213 0.000
25.163 43.213 0.000
25.185 43.213 0.000
25.207 43.213 0.000
25.229 43.213 0.000
25.251 43.213 0.000
25.274 43.213 0.000
25.296 43.213 0.000
25.318 43.213 0.000
25.340 43.213 0.000
25.363 43.213 0.000
25.385 43.213 0.000
25.407 43.213 0.000
25.429 43.213 0.000
25.451 43.213 0.000
25.474 43.213 0.000
25.496 43.213 0.000
25.518 43.213 0.000
25.540 43.213 0.000
25.562 43.213 0.000
25.585 43.213 0.000
25.607 43.213 0.000
25.629 43.213 0.000
25.651 43.213 0.000
25.674 43.213 0.000
25.696 43.213 0.000
25.718 43.213 0.000
25.740 43.213 0.000
25.762 43.213 0.000
25.785 43.213 0.000
25.807 43.213 0.000
25.829 43.213 0.000
25.851 43.213 0.000
25.874 43.213 0.000
25.896 43.213 0.000
25.918 43.213 0.000
25.940 43.213 0.000
25.963 43.213 0.000
25.985 43.213 0.000
26.007 43.213 0.000
26.029 43.213 0.000
26.051 43.213 0.000
26.074 43.213 0.000
26.096 43.213 0.000
26.118 43.213 0.000
26.140 43.213 0.000
26.163 43.213 0.000
26.185 43.213 0.000
26.207 43.213 0.000
26.229 43.213 0.000
26.251 43.213 0.000
26.274 43.213 0.000
26.296 43.213 0.000
26.318 43.213 0.000
26.340 43.213 0.000
26.363 43.213 0.000
26.385 43.213 0.000
26.407 43.213 0.000
26.429 43.213 0.000
26.451 43.213 0.000
26.474 43.213 0.000
26.496 43.213 0.000
26.518 43.213 0.000
26.540 43.213 0.000
26.562 43.213 0.000
26.585 43.213 0.000
26.607 43.213 0.000
26.629 43.213 0.000
26.651 43.213 0.000
26.674 43.213 0.000
26.696 43.213 0.000
26.718 43.213 0.000
26.740 43.213 0.000
26.762 43.213 0.000
26.785 43.213 0.000
26.807 43.213 0.000
26.829 43.213 0.000
26.851 43.213 0.000
26.874 43.213 0.000
26.896 43.213 0.000
26.918 43.213 0.000
26.940 43.213 0.000
26.963 43.213 0.000
26.965 43.213 0.000
26.968 43.213 0.000
26.971 43.213 0.000
26.974 43.213 0.000
26.976 43.213 0.000
26.979 43.213 0.000
26.982 43.213 0.000
26.985 43.213 0.000
26.988 43.213 0.000
26.990 43.213 0.000
26.993 43.213 0.000
26.996 43.213 0.000
26.999 43.213 0.000
27.001 43.213 0.000
27.004 43.213 0.000
27.007 43.213 0.000
27.010 43.213 0.000
27.012 43.213 0.000
27.015 43.213 0.000
27.018 43.213 0.000
27.021 43.213 0.000
27.024 43.213 0.000
27.026 43.213 0.000
27.029 43.213 0.000
27.032 43.213 0.000
27.035 43.213 0.000
27.038 43.213 0.000
27.040 43.213 0.000
27.043 43.213 0.000
27.046 43.213 0.000
27.049 43.213 0.000
27.051 43.213 0.000
27.054 43.213 0.000
27.057 43.213 0.000
27.060 43.213 0.000
27.062 43.213 0.000
27.085 43.213 0.000
27.108 43.213 0.000
27.130 43.213 0.000
27.153 43.212 6.234
27.175 43.210 6.166
27.198 43.207 6.097
27.220 43.202 6.028
27.241 43.195 5.959
27.262 43.188 5.891
27.279 43.179 5.891
27.296 43.171 5.891
27.312 43.163 5.891
27.329 43.154 5.891
27.346 43.146 5.891
27.363 43.138 5.891
27.379 43.129 5.891
27.396 43.121 5.891
27.413 43.113 5.891
27.429 43.104 5.891
27.446 43.096 5.891
27.463 43.088 5.891
27.479 43.079 5.891
27.496 43.071 5.891
27.513 43.063 5.891
27.529 43.054 5.891
27.546 43.046 5.891
27.562 43.038 5.891
27.579 43.029 5.891
27.596 43.021 5.891
27.613 43.013 5.891
27.629 43.004 5.891
27.646 42.996 5.891
27.663 42.988 5.891
27.679 42.979 5.891
27.696 42.971 5.891
27.713 42.963 5.891
27.729 42.954 5.891
27.746 42.946 5.891
27.763 42.938 5.891
27.779 42.929 5.891
27.796 42.921 5.891
27.813 42.913 5.891
27.829 42.904 5.891
27.846 42.896 5.891
27.863 42.888 5.891
27.879 42.879 5.891
27.896 42.871 5.891
27.913 42.863 5.891
27.929 42.854 5.891
27.946 42.846 5.891
27.963 42.838 5.891
27.979 42.829 5.891
27.996 42.821 5.891
28.012 42.813 5.891
28.029 42.804 5.891
28.046 42.796 5.891
28.062 42.788 5.891
28.079 42.779 5.891
28.096 42.771 5.891
28.113 42.763 5.891
28.129 42.754 5.891
28.146 42.746 5.891
28.163 42.738 5.891
28.179 42.729 5.891
28.196 42.721 5.891
28.213 42.713 5.891
28.229 42.704 5.891
28.246 42.696 5.891
28.263 42.688 5.891
28.279 42.679 5.891
28.296 42.671 5.891
28.312 42.663 5.891
28.329 42.654 5.891
28.346 42.646 5.891
28.363 42.638 5.891
28.379 42.629 5.891
28.396 42.621 5.891
28.413 42.613 5.891
28.429 42.604 5.891
28.446 42.596 5.891
28.463 42.588 5.891
28.479 42.579 5.891
28.496 42.571 5.891
28.513 42.563 5.891
28.529 42.554 5.891
28.546 42.546 5.891
28.563 42.538 5.891
28.579 42.529 5.891
28.596 42.521 5.891
28.613 42.513 5.891
28.631 42.505 5.891
28.650 42.497 5.891
28.669 42.489 5.891
28.688 42.481 5.910
28.707 42.475 5.984
28.727 42.469 6.059
28.747 42.466 6.134
28.767 42.463 6.208
28.788 42.463 0.000
28.790 42.463 0.000
28.793 42.463 0.000
28.796 42.463 0.000
28.799 42.463 0.000
28.801 42.463 0.000
28.804 42.463 0.000
28.807 42.463 0.000
28.810 42.463 0.000
28.812 42.463 0.000
28.815 42.463 0.000
28.818 42.463 0.000
28.821 42.463 0.000
28.824 42.463 0.000
28.826 42.463 0.000
28.829 42.463 0.000
28.832 42.463 0.000
28.835 42.463 0.000
28.838 42.463 0.000
28.840 42.463 0.000
28.843 42.463 0.000
28.846 42.463 0.000
28.849 42.463 0.000
28.851 42.463 0.000
28.854 42.463 0.000
28.857 42.463 0.000
28.860 42.463 0.000
28.863 42.463 0.000
28.865 42.463 0.000
28.868 42.463 0.000
28.871 42.463 0.000
28.874 42.463 0.000
28.876 42.463 0.000
28.879 42.463 0.000
28.882 42.463 0.000
28.885 42.463 0.000
28.887 42.463 0.000
28.910 42.463 0.000
28.932 42.463 0.000
28.954 42.463 0.000
28.976 42.463 0.000
28.999 42.463 0.000
29.021 42.463 0.000
29.043 42.463 0.000
29.065 42.463 0.000
29.088 42.463 0.000
29.090 42.463 0.000
29.093 42.463 0.000
29.096 42.463 0.000
29.099 42.463 0.000
29.101 42.463 0.000
29.104 42.463 0.000
29.107 42.463 0.000
29.110 42.463 0.000
29.113 42.463 0.000
29.115 42.463 0.000
29.118 42.463 0.000
29.121 42.463 0.000
29.124 42.463 0.000
29.126 42.463 0.000
29.129 42.463 0.000
29.132 42.463 0.000
29.135 42.463 0.000
29.137 42.463 0.000
29.140 42.463 0.000
29.143 42.463 0.000
29.146 42.463 0.000
29.149 42.463 0.000
29.151 42.463 0.000
29.154 42.463 0.000
29.157 42.463 0.000
29.160 42.463 0.000
29.163 42.463 0.000
29.165 42.463 0.000
29.168 42.463 0.000
29.171 42.463 0.000
29.174 42.463 0.000
29.176 42.463 0.000
29.179 42.463 0.000
29.182 42.463 0.000
29.185 42.463 0.000
29.188 42.463 0.000
29.210 42.463 0.000
29.232 42.463 0.000
29.254 42.463 0.000
29.276 42.463 0.000
29.299 42.463 0.000
29.321 42.463 0.000
29.343 42.463 0.000
29.365 42.463 0.000
29.387 42.463 0.000
29.410 42.463 0.000
29.433 42.463 0.000
29.455 42.463 0.000
29.478 42.463 0.049
29.500 42.465 0.118
29.523 42.468 0.186
29.545 42.473 0.255
29.566 42.480 0.324
29.588 42.488 0.393
29.593 42.490 0.393
29.599 42.493 0.393
29.604 42.496 0.393
29.610 42.499 0.393
29.615 42.501 0.393
29.621 42.504 0.393
29.626 42.507 0.393
29.632 42.510 0.393
29.637 42.513 0.393
29.643 42.515 0.393
29.649 42.518 0.393
29.654 42.521 0.393
29.660 42.524 0.393
29.665 42.526 0.393
29.671 42.529 0.393
29.676 42.532 0.393
29.682 42.535 0.393
29.688 42.538 0.393
29.704 42.546 0.393
29.721 42.554 0.393
29.738 42.563 0.393
29.754 42.571 0.393
29.771 42.579 0.393
29.788 42.588 0.393
29.804 42.596 0.393
29.821 42.604 0.393
29.838 42.613 0.393
29.852 42.622 0.423
29.867 42.631 0.453
29.882 42.642 0.484
29.896 42.652 0.514
29.910 42.663 0.544
29.923 42.675 0.575
29.937 42.687 0.605
29.950 42.700 0.635
29.963 42.713 0.785
29.979 42.729 0.785
29.996 42.746 0.785
30.013 42.763 0.785
30.029 42.779 0.785
30.046 42.796 0.785
30.063 42.813 0.785
30.079 42.829 0.785
30.096 42.846 0.785
30.113 42.863 0.785
30.129 42.879 0.785
30.146 42.896 0.785
30.163 42.913 0.785
30.179 42.929 0.785
30.196 42.946 0.785
30.213 42.963 0.785
30.229 42.979 0.785
30.246 42.996 0.785
30.262 43.013 0.785
30.279 43.030 0.785
30.296 43.047 0.815
30.312 43.065 0.867
30.328 43.083 0.919
30.342 43.103 0.971
30.355 43.123 1.022
30.367 43.144 1.074
30.378 43.166 1.126
30.387 43.188 1.178
30.390 43.193 1.178
30.393 43.199 1.178
30.396 43.204 1.178
30.399 43.210 1.178
30.401 43.215 1.178
30.404 43.221 1.178
30.407 43.226 1.178
30.410 43.232 1.178
30.413 43.238 1.178
30.415 43.243 1.178
30.418 43.249 1.178
30.421 43.254 1.178
30.424 43.260 1.178
30.426 43.265 1.178
30.429 43.271 1.178
30.432 43.276 1.178
30.435 43.282 1.178
30.438 43.288 1.178
30.446 43.304 1.178
30.454 43.321 1.178
30.462 43.338 1.178
30.471 43.354 1.178
30.479 43.371 1.178
30.488 43.388 1.178
30.496 43.404 1.178
30.504 43.421 1.178
30.512 43.438 1.178
30.520 43.456 1.178
30.528 43.475 1.178
30.536 43.494 1.178
30.544 43.513 1.197
30.550 43.532 1.272
30.556 43.552 1.347
30.559 43.572 1.421
30.562 43.592 1.496
30.562 43.613 1.571
30.562 43.615 1.571
30.562 43.618 1.571
30.562 43.621 1.571
30.562 43.624 1.571
30.562 43.626 1.571
30.562 43.629 1.571
30.562 43.632 1.571
30.562 43.635 1.571
30.562 43.638 1.571
30.562 43.640 1.571
30.562 43.643 1.571
30.562 43.646 1.571
30.562 43.649 1.571
30.562 43.651 1.571
30.562 43.654 1.571
30.562 43.657 1.571
30.562 43.660 1.571
30.562 43.663 1.571
30.562 43.665 1.571
30.562 43.668 1.571
30.562 43.671 1.571
30.562 43.674 1.571
30.562 43.676 1.571
30.562 43.679 1.571
30.562 43.682 1.571
30.562 43.685 1.571
30.562 43.688 1.571
30.562 43.690 1.571
30.562 43.693 1.571
30.562 43.696 1.571
30.562 43.699 1.571
30.562 43.701 1.571
30.562 43.704 1.571
30.562 43.707 1.571
30.562 43.710 1.571
30.562 43.713 1.571
30.562 43.735 1.571
30.562 43.757 1.571
30.562 43.779 1.571
30.562 43.801 1.571
30.562 43.824 1.571
30.562 43.846 1.571
30.562 43.868 1.571
30.562 43.890 1.571
30.562 43.913 1.571
30.562 43.935 1.571
30.562 43.957 1.571
30.562 43.979 1.571
30.562 44.001 1.571
30.562 44.024 1.571
30.562 44.046 1.571
30.562 44.068 1.571
30.562 44.090 1.571
30.562 44.113 1.571
30.562 44.135 1.571
30.562 44.157 1.571
30.562 44.179 1.571
30.562 44.201 1.571
30.562 44.224 1.571
30.562 44.246 1.571
30.562 44.268 1.571
30.562 44.290 1.571
30.562 44.313 1.571
30.562 44.335 1.571
30.562 44.357 1.571
30.562 44.379 1.571
30.562 44.401 1.571
30.562 44.424 1.571
30.562 44.446 1.571
30.562 44.468 1.571
30.562 44.490 1.571
30.562 44.513 1.571
30.562 44.535 1.571
30.562 44.557 1.571
30.562 44.579 1.571
30.562 44.601 1.571
30.562 44.624 1.571
30.562 44.646 1.571
30.562 44.668 1.571
30.562 44.690 1.571
30.562 44.713 1.571
30.562 44.735 1.571
30.562 44.757 1.571
30.562 44.779 1.571
30.562 44.801 1.571
30.562 44.824 1.571
30.562 44.846 1.571
30.562 44.868 1.571
30.562 44.890 1.571
30.562 44.913 1.571
30.562 44.935 1.571
30.562 44.957 1.571
30.562 44.979 1.571
30.562 45.001 1.571
30.562 45.024 1.571
30.562 45.046 1.571
30.562 45.068 1.571
30.562 45.090 1.571
30.562 45.113 1.571
30.562 45.135 1.571
30.562 45.157 1.571
30.562 45.179 1.571
30.562 45.201 1.571
30.562 45.224 1.571
30.562 45.246 1.571
30.562 45.268 1.571
30.562 45.290 1.571
30.562 45.313 1.571
30.562 45.335 1.571
30.562 45.358 1.571
30.562 45.380 1.571
30.563 45.403 1.522
30.565 45.425 1.453
30.568 45.448 1.384
30.573 45.470 1.316
30.580 45.491 1.247
30.588 45.513 1.178
30.590 45.518 1.178
30.593 45.524 1.178
30.596 45.529 1.178
30.599 45.535 1.178
30.601 45.540 1.178
30.604 45.546 1.178
30.607 45.551 1.178
30.610 45.557 1.178
30.613 45.563 1.178
30.621 45.579 1.178
30.629 45.596 1.178
30.637 45.613 1.178
30.646 45.629 1.178
30.654 45.646 1.178
30.663 45.663 1.178
30.671 45.679 1.178
30.679 45.696 1.178
30.688 45.713 1.178
30.697 45.727 1.148
30.706 45.742 1.117
30.717 45.757 1.087
30.727 45.771 1.057
30.738 45.785 1.027
30.750 45.798 0.996
30.762 45.812 0.966
30.775 45.825 0.936
30.788 45.838 0.785
30.804 45.854 0.785
30.821 45.871 0.785
30.838 45.888 0.785
30.854 45.904 0.785
30.871 45.921 0.785
30.888 45.938 0.785
30.904 45.954 0.785
30.921 45.971 0.785
30.938 45.988 0.785
30.954 46.004 0.785
30.971 46.021 0.785
30.988 46.038 0.785
31.004 46.054 0.785
31.021 46.071 0.785
31.038 46.088 0.785
31.054 46.104 0.785
31.071 46.121 0.785
31.088 46.138 0.785
31.105 46.155 0.785
31.122 46.171 0.756
31.140 46.188 0.704
31.158 46.203 0.652
31.178 46.217 0.600
31.198 46.230 0.548
31.219 46.242 0.496
31.241 46.253 0.445
31.262 46.263 0.393
31.268 46.265 0.393
31.274 46.268 0.393
31.279 46.271 0.393
31.285 46.274 0.393
31.290 46.276 0.393
31.296 46.279 0.393
31.301 46.282 0.393
31.307 46.285 0.393
31.312 46.288 0.393
31.329 46.296 0.393
31.346 46.304 0.393
31.363 46.313 0.393
31.379 46.321 0.393
31.396 46.329 0.393
31.413 46.338 0.393
31.429 46.346 0.393
31.446 46.354 0.393
31.463 46.363 0.393
31.479 46.371 0.393
31.496 46.379 0.393
31.513 46.388 0.393
31.529 46.396 0.393
31.546 46.404 0.393
31.563 46.413 0.393
31.579 46.421 0.393
31.596 46.429 0.393
31.613 46.438 0.393
31.629 46.446 0.393
31.646 46.454 0.393
31.663 46.463 0.393
31.679 46.471 0.393
31.696 46.479 0.393
31.713 46.488 0.393
31.729 46.496 0.393
31.746 46.504 0.393
31.762 46.513 0.393
31.781 46.520 0.393
31.800 46.528 0.393
31.819 46.536 0.393
31.838 46.544 0.374
31.857 46.550 0.299
31.877 46.556 0.224
31.897 46.559 0.149
31.917 46.562 0.075
31.938 46.563 0.000
31.940 46.563 0.000
31.943 46.563 0.000
31.946 46.563 0.000
31.949 46.563 0.000
31.951 46.563 0.000
31.954 46.563 0.000
31.957 46.563 0.000
31.960 46.563 0.000
31.963 46.563 0.000
31.965 46.563 0.000
31.968 46.563 0.000
31.971 46.563 0.000
31.974 46.563 0.000
31.976 46.563 0.000
31.979 46.563 0.000
31.982 46.563 0.000
31.985 46.563 0.000
31.988 46.563 0.000
32.010 46.563 0.000
32.032 46.563 0.000
32.054 46.563 0.000
32.076 46.563 0.000
32.099 46.563 0.000
32.121 46.563 0.000
32.143 46.563 0.000
32.165 46.563 0.000
32.188 46.563 0.000
32.210 46.563 0.000
32.232 46.563 0.000
32.254 46.563 0.000
32.276 46.563 0.000
32.299 46.563 0.000
32.321 46.563 0.000
32.343 46.563 0.000
32.365 46.563 0.000
32.388 46.563 0.000
32.410 46.563 0.000
32.432 46.563 0.000
32.454 46.563 0.000
32.476 46.563 0.000
32.499 46.563 0.000
32.521 46.563 0.000
32.543 46.563 0.000
32.565 46.563 0.000
32.588 46.563 0.000
32.610 46.563 0.000
32.632 46.563 0.000
32.654 46.563 0.000
32.676 46.563 0.000
32.699 46.563 0.000
32.721 46.563 0.000
32.743 46.563 0.000
32.765 46.563 0.000
32.788 46.563 0.000
32.810 46.563 0.000
32.832 46.563 0.000
32.854 46.563 0.000
32.876 46.563 0.000
32.899 46.563 0.000
32.921 46.563 0.000
32.943 46.563 0.000
32.965 46.563 0.000
32.988 46.563 0.000
33.010 46.563 0.000
33.032 46.563 0.000
33.054 46.563 0.000
33.076 46.563 0.000
33.099 46.563 0.000
33.121 46.563 0.000
33.143 46.563 0.000
33.165 46.563 0.000
33.188 46.563 0.000
33.210 46.563 0.000
33.233 46.563 0.000
33.255 46.563 0.000
33.278 46.563 0.049
33.300 46.565 0.118
33.323 46.568 0.186
33.345 46.573 0.255
33.366 46.580 0.324
33.388 46.588 0.393
33.393 46.590 0.393
33.399 46.593 0.393
33.404 46.596 0.393
33.410 46.599 0.393
33.415 46.601 0.393
33.421 46.604 0.393
33.426 46.607 0.393
33.432 46.610 0.393
33.438 46.613 0.393
33.443 46.615 0.393
33.449 46.618 0.393
33.454 46.621 0.393
33.460 46.624 0.393
33.465 46.626 0.393
33.471 46.629 0.393
33.476 46.632 0.393
33.482 46.635 0.393
33.488 46.638 0.393
33.504 46.646 0.393
33.521 46.654 0.393
33.538 46.663 0.393
33.554 46.671 0.393
33.571 46.679 0.393
33.588 46.688 0.393
33.604 46.696 0.393
33.621 46.704 0.393
33.638 46.713 0.393
33.652 46.722 0.423
33.667 46.731 0.453
33.681 46.742 0.484
33.696 46.752 0.514
33.710 46.763 0.544
33.723 46.775 0.575
33.737 46.787 0.605
33.750 46.800 0.635
33.763 46.813 0.785
33.779 46.829 0.785
33.796 46.846 0.785
33.812 46.863 0.785
33.829 46.879 0.785
33.846 46.896 0.785
33.863 46.913 0.785
33.879 46.929 0.785
33.896 46.946 0.785
33.913 46.963 0.785
33.929 46.979 0.785
33.946 46.996 0.785
33.962 47.013 0.785
33.979 47.029 0.785
33.996 47.046 0.785
34.013 47.063 0.785
34.029 47.079 0.785
34.046 47.096 0.785
34.063 47.113 0.785
34.080 47.130 0.785
34.096 47.147 0.815
34.113 47.165 0.867
34.128 47.183 0.919
34.142 47.203 0.971
34.155 47.223 1.022
34.167 47.244 1.074
34.178 47.266 1.126
34.188 47.288 1.178
34.190 47.293 1.178
34.193 47.299 1.178
34.196 47.304 1.178
34.199 47.310 1.178
34.201 47.315 1.178
34.204 47.321 1.178
34.207 47.326 1.178
34.210 47.332 1.178
34.213 47.338 1.178
34.221 47.354 1.178
34.229 47.371 1.178
34.238 47.388 1.178
34.246 47.404 1.178
34.254 47.421 1.178
34.263 47.438 1.178
34.271 47.454 1.178
34.279 47.471 1.178
34.288 47.488 1.178
34.296 47.504 1.178
34.304 47.521 1.178
34.312 47.538 1.178
34.321 47.554 1.178
34.329 47.571 1.178
34.337 47.588 1.178
34.346 47.604 1.178
34.354 47.621 1.178
34.363 47.638 1.178
34.371 47.654 1.178
34.379 47.671 1.178
34.388 47.688 1.178
34.396 47.704 1.178
34.404 47.721 1.178
34.413 47.738 1.178
34.421 47.754 1.178
34.429 47.771 1.178
34.438 47.788 1.178
34.445 47.806 1.178
34.453 47.825 1.178
34.461 47.844 1.178
34.469 47.863 1.197
34.475 47.882 1.272
34.481 47.902 1.347
34.485 47.922 1.421
34.487 47.942 1.496
34.488 47.963 1.571
34.488 47.965 1.571
34.488 47.968 1.571
34.488 47.971 1.571
34.488 47.974 1.571
34.488 47.976 1.571
34.488 47.979 1.571
34.488 47.982 1.571
34.488 47.985 1.571
34.488 47.988 1.571
34.488 47.990 1.571
34.488 47.993 1.571
34.488 47.996 1.571
34.488 47.999 1.571
34.488 48.001 1.571
34.488 48.004 1.571
34.488 48.007 1.571
34.488 48.010 1.571
34.488 48.013 1.571
34.488 48.015 1.571
34.488 48.018 1.571
34.488 48.021 1.571
34.488 48.024 1.571
34.488 48.026 1.571
34.488 48.029 1.571
34.488 48.032 1.571
34.488 48.035 1.571
34.488 48.038 1.571
34.488 48.040 1.571
34.488 48.043 1.571
34.488 48.046 1.571
34.488 48.049 1.571
34.488 48.051 1.571
34.488 48.054 1.571
34.488 48.057 1.571
34.488 48.060 1.571
34.488 48.063 1.571
34.488 48.065 1.571
34.488 48.068 1.571
34.488 48.071 1.571
34.488 48.074 1.571
34.488 48.076 1.571
34.488 48.079 1.571
34.488 48.082 1.571
34.488 48.085 1.571
34.488 48.088 1.571
34.488 48.090 1.571
34.488 48.093 1.571
34.488 48.096 1.571
34.488 48.099 1.571
34.488 48.101 1.571
34.488 48.104 1.571
34.488 48.107 1.571
34.488 48.110 1.571
34.488 48.113 1.571
34.488 48.135 1.571
34.488 48.157 1.571
34.488 48.179 1.571
34.488 48.201 1.571
34.488 48.224 1.571
34.488 48.246 1.571
34.488 48.268 1.571
34.488 48.290 1.571
34.488 48.313 1.571
34.488 48.335 1.571
34.488 48.357 1.571
34.488 48.379 1.571
34.488 48.401 1.571
34.488 48.424 1.571
34.488 48.446 1.571
34.488 48.468 1.571
34.488 48.490 1.571
34.488 48.513 1.571
34.488 48.535 1.571
34.488 48.557 1.571
34.488 48.579 1.571
34.488 48.601 1.571
34.488 48.624 1.571
34.488 48.646 1.571
34.488 48.668 1.571
34.488 48.690 1.571
34.488 48.713 1.571
34.488 48.735 1.571
34.488 48.757 1.571
34.488 48.779 1.571
34.488 48.801 1.571
34.488 48.824 1.571
34.488 48.846 1.571
34.488 48.868 1.571
34.488 48.890 1.571
34.488 48.913 1.571
34.488 48.935 1.571
34.488 48.957 1.571
34.488 48.979 1.571
34.488 49.001 1.571
34.488 49.024 1.571
34.488 49.046 1.571
34.488 49.068 1.571
34.488 49.090 1.571
34.488 49.113 1.571
34.488 49.135 1.571
34.488 49.157 1.571
34.488 49.179 1.571
34.488 49.201 1.571
34.488 49.224 1.571
34.488 49.246 1.571
34.488 49.268 1.571
34.488 49.290 1.571
34.488 49.313 1.571
34.488 49.335 1.571
34.488 49.357 1.571
34.488 49.379 1.571
34.488 49.401 1.571
34.488 49.424 1.571
34.488 49.446 1.571
34.488 49.468 1.571
34.488 49.490 1.571
34.488 49.513 1.571
34.488 49.535 1.571
34.488 49.557 1.571
34.488 49.579 1.571
34.488 49.601 1.571
34.488 49.624 1.571
34.488 49.646 1.571
34.488 49.668 1.571
34.488 49.690 1.571
34.488 49.713 1.571
34.488 49.735 1.571
34.488 49.757 1.571
34.488 49.779 1.571
34.488 49.801 1.571
34.488 49.824 1.571
34.488 49.846 1.571
34.488 49.868 1.571
34.488 49.890 1.571
34.488 49.913 1.571
34.488 49.935 1.571
34.488 49.957 1.571
34.488 49.979 1.571
34.488 50.001 1.571
34.488 50.024 1.571
34.488 50.046 1.571
34.488 50.068 1.571
34.488 50.090 1.571
34.488 50.113 1.571
34.488 50.135 1.571
34.488 50.158 1.571
34.488 50.180 1.571
34.487 50.203 1.620
34.485 50.225 1.688
34.482 50.248 1.757
34.477 50.270 1.826
34.470 50.291 1.895
34.463 50.313 1.964
34.460 50.318 1.964
34.457 50.324 1.964
34.454 50.329 1.964
34.451 50.335 1.964
34.449 50.340 1.964
34.446 50.346 1.964
34.443 50.351 1.964
34.440 50.357 1.964
34.438 50.363 1.964
34.435 50.368 1.964
34.432 50.374 1.964
34.429 50.379 1.964
34.426 50.385 1.964
34.424 50.390 1.964
34.421 50.396 1.964
34.418 50.401 1.964
34.415 50.407 1.964
34.413 50.413 1.964
34.404 50.429 1.964
34.396 50.446 1.964
34.388 50.463 1.964
34.379 50.479 1.964
34.371 50.496 1.964
34.363 50.513 1.964
34.354 50.529 1.964
34.346 50.546 1.964
34.338 50.563 1.964
34.329 50.579 1.964
34.321 50.596 1.964
34.313 50.613 1.964
34.304 50.629 1.964
34.296 50.646 1.964
34.288 50.663 1.964
34.279 50.679 1.964
34.271 50.696 1.964
34.263 50.713 1.964
34.254 50.729 1.964
34.246 50.746 1.964
34.238 50.763 1.964
34.229 50.779 1.964
34.221 50.796 1.964
34.213 50.813 1.964
34.204 50.829 1.964
34.196 50.846 1.964
34.188 50.863 1.964
34.179 50.879 1.964
34.171 50.896 1.964
34.163 50.913 1.964
34.154 50.929 1.964
34.146 50.946 1.964
34.138 50.963 1.964
34.129 50.979 1.964
34.121 50.996 1.964
34.113 51.013 1.964
34.104 51.029 1.964
34.096 51.046 1.964
34.088 51.062 1.964
34.079 51.079 1.964
34.071 51.096 1.964
34.063 51.113 1.964
34.054 51.129 1.964
34.046 51.146 1.964
34.038 51.163 1.964
34.029 51.179 1.964
34.021 51.196 1.964
34.013 51.213 1.964
34.004 51.229 1.964
33.996 51.246 1.964
33.988 51.263 1.964
33.979 51.279 1.964
33.971 51.296 1.964
33.963 51.313 1.964
33.954 51.329 1.964
33.946 51.346 1.964
33.938 51.363 1.964
33.929 51.379 1.964
33.921 51.396 1.964
33.913 51.413 1.964
33.904 51.429 1.964
33.896 51.446 1.964
33.888 51.463 1.964
33.879 51.479 1.964
33.871 51.496 1.964
33.863 51.513 1.964
33.854 51.529 1.964
33.846 51.546 1.964
33.838 51.563 1.964
33.829 51.579 1.964
33.821 51.596 1.964
33.813 51.613 1.964
33.804 51.629 1.964
33.796 51.646 1.964
33.788 51.663 1.964
33.779 51.679 1.964
33.771 51.696 1.964
33.763 51.713 1.964
33.754 51.729 1.964
33.746 51.746 1.964
33.738 51.763 1.964
33.735 51.768 1.964
33.732 51.774 1.964
33.729 51.779 1.964
33.726 51.785 1.964
33.724 51.790 1.964
33.721 51.796 1.964
33.718 51.801 1.964
33.715 51.807 1.964
33.713 51.813 1.964
33.710 51.818 1.964
33.707 51.824 1.964
33.704 51.829 1.964
33.701 51.835 1.964
33.699 51.840 1.964
33.696 51.846 1.964
33.693 51.851 1.964
33.690 51.857 1.964
33.688 51.863 1.964
33.685 51.868 1.964
33.682 51.874 1.964
33.679 51.879 1.964
33.676 51.885 1.964
33.674 51.890 1.964
33.671 51.896 1.964
33.668 51.901 1.964
33.665 51.907 1.964
33.663 51.913 1.964
33.660 51.918 1.964
33.657 51.924 1.964
33.654 51.929 1.964
33.651 51.935 1.964
33.649 51.940 1.964
33.646 51.946 1.964
33.643 51.951 1.964
33.640 51.957 1.964
33.638 51.963 1.964
33.635 51.968 1.964
33.632 51.974 1.964
33.629 51.979 1.964
33.626 51.985 1.964
33.624 51.990 1.964
33.621 51.996 1.964
33.618 52.001 1.964
33.615 52.007 1.964
33.613 52.013 1.964
33.604 52.029 1.964
33.596 52.046 1.964
33.588 52.062 1.964
33.579 52.079 1.964
33.571 52.096 1.964
33.563 52.113 1.964
33.554 52.129 1.964
33.546 52.146 1.964
33.538 52.163 1.964
33.530 52.181 1.964
33.522 52.200 1.964
33.514 52.219 1.964
33.506 52.238 1.944
33.500 52.257 1.870
33.494 52.277 1.795
33.491 52.297 1.720
33.488 52.317 1.645
33.488 52.338 1.571
33.488 52.340 1.571
33.488 52.343 1.571
33.488 52.346 1.571
33.488 52.349 1.571
33.488 52.351 1.571
33.488 52.354 1.571
33.488 52.357 1.571
33.488 52.360 1.571
33.488 52.363 1.571
33.488 52.365 1.571
33.488 52.368 1.571
33.488 52.371 1.571
33.488 52.374 1.571
33.488 52.376 1.571
33.488 52.379 1.571
33.488 52.382 1.571
33.488 52.385 1.571
33.488 52.388 1.571
33.488 52.390 1.571
33.488 52.393 1.571
33.488 52.396 1.571
33.488 52.399 1.571
33.488 52.401 1.571
33.488 52.404 1.571
33.488 52.407 1.571
33.488 52.410 1.571
33.488 52.413 1.571
33.488 52.415 1.571
33.488 52.418 1.571
33.488 52.421 1.571
33.488 52.424 1.571
33.488 52.426 1.571
33.488 52.429 1.571
33.488 52.432 1.571
33.488 52.435 1.571
33.488 52.438 1.571
33.488 52.440 1.571
33.488 52.443 1.571
33.488 52.446 1.571
33.488 52.449 1.571
33.488 52.451 1.571
33.488 52.454 1.571
33.488 52.457 1.571
33.488 52.460 1.571
33.488 52.463 1.571
33.488 52.485 1.571
33.488 52.507 1.571
33.488 52.529 1.571
33.488 52.551 1.571
33.488 52.574 1.571
33.488 52.596 1.571
33.488 52.618 1.571
33.488 52.640 1.571
33.488 52.663 1.571
33.488 52.685 1.571
33.488 52.707 1.571
33.488 52.729 1.571
33.488 52.751 1.571
33.488 52.774 1.571
33.488 52.796 1.571
33.488 52.818 1.571
33.488 52.840 1.571
33.488 52.863 1.571
33.488 52.885 1.571
33.488 52.907 1.571
33.488 52.929 1.571
33.488 52.951 1.571
33.488 52.974 1.571
33.488 52.996 1.571
33.488 53.018 1.571
33.488 53.040 1.571
33.488 53.063 1.571
33.488 53.085 1.571
33.488 53.107 1.571
33.488 53.129 1.571
33.488 53.151 1.571
33.488 53.174 1.571
33.488 53.196 1.571
33.488 53.218 1.571
33.488 53.240 1.571
33.488 53.263 1.571
33.488 53.285 1.571
33.488 53.307 1.571
33.488 53.329 1.571
33.488 53.351 1.571
33.488 53.374 1.571
33.488 53.396 1.571
33.488 53.418 1.571
33.488 53.440 1.571
33.488 53.463 1.571
33.488 53.485 1.571
33.488 53.507 1.571
33.488 53.529 1.571
33.488 53.551 1.571
33.488 53.574 1.571
33.488 53.596 1.571
33.488 53.618 1.571
33.488 53.640 1.571
33.488 53.663 1.571
33.488 53.685 1.571
33.488 53.707 1.571
33.488 53.729 1.571
33.488 53.751 1.571
33.488 53.774 1.571
33.488 53.796 1.571
33.488 53.818 1.571
33.488 53.840 1.571
33.488 53.863 1.571
33.488 53.885 1.571
33.488 53.907 1.571
33.488 53.929 1.571
33.488 53.951 1.571
33.488 53.974 1.571
33.488 53.996 1.571
33.488 54.018 1.571
33.488 54.040 1.571
33.488 54.063 1.571
33.488 54.085 1.571
33.488 54.107 1.571
33.488 54.129 1.571
33.488 54.151 1.571
33.488 54.174 1.571
33.488 54.196 1.571
33.488 54.218 1.571
33.488 54.240 1.571
33.488 54.263 1.571
33.488 54.285 1.571
33.488 54.308 1.571
33.488 54.330 1.571
33.488 54.353 1.522
33.490 54.375 1.453
33.493 54.398 1.384
33.498 54.420 1.316
33.505 54.441 1.247
33.513 54.463 1.178
33.515 54.468 1.178
33.518 54.474 1.178
33.521 54.479 1.178
33.524 54.485 1.178
33.526 54.490 1.178
33.529 54.496 1.178
33.532 54.501 1.178
33.535 54.507 1.178
33.538 54.513 1.178
33.540 54.518 1.178
33.543 54.524 1.178
33.546 54.529 1.178
33.549 54.535 1.178
33.551 54.540 1.178
33.554 54.546 1.178
33.557 54.551 1.178
33.560 54.557 1.178
33.563 54.563 1.178
33.565 54.568 1.178
33.568 54.574 1.178
33.571 54.579 1.178
33.574 54.585 1.178
33.576 54.590 1.178
33.579 54.596 1.178
33.582 54.601 1.178
33.585 54.607 1.178
33.588 54.613 1.178
33.590 54.618 1.178
33.593 54.624 1.178
33.596 54.629 1.178
33.599 54.635 1.178
33.601 54.640 1.178
33.604 54.646 1.178
33.607 54.651 1.178
33.610 54.657 1.178
33.613 54.663 1.178
33.621 54.679 1.178
33.629 54.696 1.178
33.638 54.713 1.178
33.646 54.729 1.178
33.654 54.746 1.178
33.663 54.763 1.178
33.671 54.779 1.178
33.679 54.796 1.178
33.688 54.813 1.178
33.696 54.829 1.178
33.704 54.846 1.178
33.713 54.863 1.178
33.721 54.879 1.178
33.729 54.896 1.178
33.738 54.913 1.178
33.746 54.929 1.178
33.754 54.946 1.178
33.763 54.963 1.178
33.772 54.977 1.148
33.781 54.992 1.117
33.792 55.007 1.087
33.802 55.021 1.057
33.813 55.035 1.027
33.825 55.048 0.996
33.837 55.062 0.966
33.850 55.075 0.936
33.863 55.088 0.785
33.880 55.105 0.785
33.897 55.121 0.756
33.915 55.138 0.704
33.933 55.153 0.652
33.953 55.167 0.600
33.973 55.180 0.548
33.994 55.192 0.496
34.016 55.203 0.445
34.038 55.213 0.393
34.056 55.220 0.393
34.075 55.228 0.393
34.094 55.236 0.393
34.113 55.244 0.374
34.132 55.250 0.299
34.152 55.256 0.224
34.172 55.260 0.149
34.192 55.262 0.075
34.213 55.263 0.000
34.215 55.263 0.000
34.218 55.263 0.000
34.221 55.263 0.000
34.224 55.263 0.000
34.226 55.263 0.000
34.229 55.263 0.000
34.232 55.263 0.000
34.235 55.263 0.000
34.238 55.263 0.000
34.260 55.263 0.000
34.282 55.263 0.000
34.304 55.263 0.000
34.326 55.263 0.000
34.349 55.263 0.000
34.371 55.263 0.000
34.393 55.263 0.000
34.415 55.263 0.000
34.438 55.263 0.000
34.460 55.263 0.000
34.482 55.263 0.000
34.504 55.263 0.000
34.526 55.263 0.000
34.549 55.263 0.000
34.571 55.263 0.000
34.593 55.263 0.000
34.615 55.263 0.000
34.638 55.263 0.000
34.660 55.263 0.000
34.682 55.263 0.000
34.704 55.263 0.000
34.726 55.263 0.000
34.749 55.263 0.000
34.771 55.263 0.000
34.793 55.263 0.000
34.815 55.263 0.000
34.838 55.263 0.000
34.840 55.263 0.000
34.843 55.263 0.000
34.846 55.263 0.000
34.849 55.263 0.000
34.851 55.263 0.000
34.854 55.263 0.000
34.857 55.263 0.000
34.860 55.263 0.000
34.863 55.263 0.000
34.865 55.263 0.000
34.868 55.263 0.000
34.871 55.263 0.000
34.874 55.263 0.000
34.876 55.263 0.000
34.879 55.263 0.000
34.882 55.263 0.000
34.885 55.263 0.000
34.888 55.263 0.000
34.910 55.263 0.000
34.932 55.263 0.000
34.954 55.263 0.000
34.976 55.263 0.000
34.999 55.263 0.000
35.021 55.263 0.000
35.043 55.263 0.000
35.065 55.263 0.000
35.088 55.263 0.000
35.110 55.263 0.000
35.132 55.263 0.000
35.154 55.263 0.000
35.176 55.263 0.000
35.199 55.263 0.000
35.221 55.263 0.000
35.243 55.263 0.000
35.265 55.263 0.000
35.288 55.263 0.000
35.310 55.263 0.000
35.332 55.263 0.000
35.354 55.263 0.000
35.376 55.263 0.000
35.399 55.263 0.000
35.421 55.263 0.000
35.443 55.263 0.000
35.465 55.263 0.000
35.488 55.263 0.000
35.510 55.263 0.000
35.532 55.263 0.000
35.554 55.263 0.000
35.576 55.263 0.000
35.599 55.263 0.000
35.621 55.263 0.000
35.643 55.263 0.000
35.665 55.263 0.000
35.688 55.263 0.000
35.710 55.263 0.000
35.732 55.263 0.000
35.754 55.263 0.000
35.776 55.263 0.000
35.799 55.263 0.000
35.821 55.263 0.000
35.843 55.263 0.000
35.865 55.263 0.000
35.888 55.263 0.000
35.910 55.263 0.000
35.932 55.263 0.000
35.954 55.263 0.000
35.976 55.263 0.000
35.999 55.263 0.000
36.021 55.263 0.000
36.043 55.263 0.000
36.065 55.263 0.000
36.088 55.263 0.000
36.110 55.263 0.000
36.132 55.263 0.000
36.154 55.263 0.000
36.176 55.263 0.000
36.199 55.263 0.000
36.221 55.263 0.000
36.243 55.263 0.000
36.265 55.263 0.000
36.288 55.263 0.000
36.310 55.263 0.000
36.332 55.263 0.000
36.354 55.263 0.000
36.376 55.263 0.000
36.399 55.263 0.000
36.421 55.263 0.000
36.443 55.263 0.000
36.465 55.263 0.000
36.488 55.263 0.000
36.510 55.263 0.000
36.532 55.263 0.000
36.554 55.263 0.000
36.576 55.263 0.000
36.599 55.263 0.000
36.621 55.263 0.000
36.643 55.263 0.000
36.665 55.263 0.000
36.688 55.263 0.000
36.710 55.263 0.000
36.732 55.263 0.000
36.754 55.263 0.000
36.776 55.263 0.000
36.799 55.263 0.000
36.821 55.263 0.000
36.843 55.263 0.000
36.865 55.263 0.000
36.888 55.263 0.000
36.910 55.263 0.000
36.932 55.263 0.000
36.954 55.263 0.000
36.976 55.263 0.000
36.999 55.263 0.000
37.021 55.263 0.000
37.043 55.263 0.000
37.065 55.263 0.000
37.088 55.263 0.000
37.110 55.263 0.000
37.132 55.263 0.000
37.154 55.263 0.000
37.176 55.263 0.000
37.199 55.263 0.000
37.221 55.263 0.000
37.243 55.263 0.000
37.265 55.263 0.000
37.288 55.263 0.000
37.310 55.263 0.000
37.332 55.263 0.000
37.354 55.263 0.000
37.376 55.263 0.000
37.399 55.263 0.000
37.421 55.263 0.000
37.443 55.263 0.000
37.465 55.263 0.000
37.488 55.263 0.000
37.510 55.263 0.000
37.532 55.263 0.000
37.554 55.263 0.000
37.576 55.263 0.000
37.599 55.263 0.000
37.621 55.263 0.000
37.643 55.263 0.000
37.665 55.263 0.000
37.688 55.263 0.000
37.710 55.263 0.000
37.732 55.263 0.000
37.754 55.263 0.000
37.776 55.263 0.000
37.799 55.263 0.000
37.821 55.263 0.000
37.843 55.263 0.000
37.865 55.263 0.000
37.888 55.263 0.000
37.910 55.263 0.000
37.932 55.263 0.000
37.954 55.263 0.000
37.976 55.263 0.000
37.999 55.263 0.000
38.021 55.263 0.000
38.043 55.263 0.000
38.065 55.263 0.000
38.088 55.263 0.000
38.110 55.263 0.000
38.132 55.263 0.000
38.154 55.263 0.000
38.176 55.263 0.000
38.199 55.263 0.000
38.221 55.263 0.000
38.243 55.263 0.000
38.265 55.263 0.000
38.288 55.263 0.000
38.310 55.263 0.000
38.332 55.263 0.000
38.354 55.263 0.000
38.376 55.263 0.000
38.399 55.263 0.000
38.421 55.263 0.000
38.443 55.263 0.000
38.465 55.263 0.000
38.488 55.263 0.000
38.510 55.263 0.000
38.532 55.263 0.000
38.554 55.263 0.000
38.576 55.263 0.000
38.599 55.263 0.000
38.621 55.263 0.000
38.643 55.263 0.000
38.665 55.263 0.000
38.688 55.263 0.000
38.710 55.263 0.000
38.732 55.263 0.000
38.754 55.263 0.000
38.776 55.263 0.000
38.799 55.263 0.000
38.821 55.263 0.000
38.843 55.263 0.000
38.865 55.263 0.000
38.888 55.263 0.000
38.910 55.263 0.000
38.932 55.263 0.000
38.954 55.263 0.000
38.976 55.263 0.000
38.999 55.263 0.000
39.021 55.263 0.000
39.043 55.263 0.000
39.065 55.263 0.000
39.088 55.263 0.000
39.110 55.263 0.000
39.132 55.263 0.000
39.154 55.263 0.000
39.176 55.263 0.000
39.199 55.263 0.000
39.221 55.263 0.000
39.243 55.263 0.000
39.265 55.263 0.000
39.288 55.263 0.000
39.310 55.263 0.000
39.332 55.263 0.000
39.354 55.263 0.000
39.376 55.263 0.000
39.399 55.263 0.000
39.421 55.263 0.000
39.443 55.263 0.000
39.465 55.263 0.000
39.488 55.263 0.000
39.510 55.263 0.000
39.532 55.263 0.000
39.554 55.263 0.000
39.576 55.263 0.000
39.599 55.263 0.000
39.621 55.263 0.000
39.643 55.263 0.000
39.665 55.263 0.000
39.688 55.263 0.000
39.710 55.263 0.000
39.732 55.263 0.000
39.754 55.263 0.000
39.776 55.263 0.000
39.799 55.263 0.000
39.821 55.263 0.000
39.843 55.263 0.000
39.865 55.263 0.000
39.888 55.263 0.000
39.910 55.263 0.000
39.932 55.263 0.000
39.954 55.263 0.000
39.976 55.263 0.000
39.999 55.263 0.000
40.021 55.263 0.000
40.043 55.263 0.000
40.065 55.263 0.000
40.088 55.263 0.000
40.110 55.263 0.000
40.132 55.263 0.000
40.154 55.263 0.000
40.176 55.263 0.000
40.199 55.263 0.000
40.221 55.263 0.000
40.243 55.263 0.000
40.265 55.263 0.000
40.288 55.263 0.000
40.310 55.263 0.000
40.332 55.263 0.000
40.354 55.263 0.000
40.376 55.263 0.000
40.399 55.263 0.000
40.421 55.263 0.000
40.443 55.263 0.000
40.465 55.263 0.000
40.488 55.263 0.000
40.510 55.263 0.000
40.532 55.263 0.000
40.554 55.263 0.000
40.576 55.263 0.000
40.599 55.263 0.000
40.621 55.263 0.000
40.643 55.263 0.000
40.665 55.263 0.000
40.688 55.263 0.000
40.710 55.263 0.000
40.732 55.263 0.000
40.754 55.263 0.000
40.776 55.263 0.000
40.799 55.263 0.000
40.821 55.263 0.000
40.843 55.263 0.000
40.865 55.263 0.000
40.888 55.263 0.000
40.910 55.263 0.000
40.932 55.263 0.000
40.954 55.263 0.000
40.976 55.263 0.000
40.999 55.263 0.000
41.021 55.263 0.000
41.043 55.263 0.000
41.065 55.263 0.000
41.088 55.263 0.000
41.110 55.263 0.000
41.132 55.263 0.000
41.154 55.263 0.000
41.176 55.263 0.000
41.199 55.263 0.000
41.221 55.263 0.000
41.243 55.263 0.000
41.265 55.263 0.000
41.288 55.263 0.000
41.310 55.263 0.000
41.332 55.263 0.000
41.354 55.263 0.000
41.376 55.263 0.000
41.399 55.263 0.000
41.421 55.263 0.000
41.443 55.263 0.000
41.465 55.263 0.000
41.488 55.263 0.000
41.510 55.263 0.000
41.532 55.263 0.000
41.554 55.263 0.000
41.576 55.263 0.000
41.599 55.263 0.000
41.621 55.263 0.000
41.643 55.263 0.000
41.665 55.263 0.000
41.688 55.263 0.000
41.710 55.263 0.000
41.732 55.263 0.000
41.754 55.263 0.000
41.776 55.263 0.000
41.799 55.263 0.000
41.821 55.263 0.000
41.843 55.263 0.000
41.865 55.263 0.000
41.888 55.263 0.000
41.910 55.263 0.000
41.932 55.263 0.000
41.954 55.263 0.000
41.976 55.263 0.000
41.999 55.263 0.000
42.021 55.263 0.000
42.043 55.263 0.000
42.065 55.263 0.000
42.088 55.263 0.000
42.110 55.263 0.000
42.132 55.263 0.000
42.154 55.263 0.000
42.176 55.263 0.000
42.199 55.263 0.000
42.221 55.263 0.000
42.243 55.263 0.000
42.265 55.263 0.000
42.288 55.263 0.000
42.310 55.263 0.000
42.332 55.263 0.000
42.354 55.263 0.000
42.376 55.263 0.000
42.399 55.263 0.000
42.421 55.263 0.000
42.443 55.263 0.000
42.465 55.263 0.000
42.488 55.263 0.000
42.510 55.263 0.000
42.532 55.263 0.000
42.554 55.263 0.000
42.576 55.263 0.000
42.599 55.263 0.000
42.621 55.263 0.000
42.643 55.263 0.000
42.665 55.263 0.000
42.688 55.263 0.000
42.710 55.263 0.000
42.732 55.263 0.000
42.754 55.263 0.000
42.776 55.263 0.000
42.799 55.263 0.000
42.821 55.263 0.000
42.843 55.263 0.000
42.865 55.263 0.000
42.888 55.263 0.000
42.910 55.263 0.000
42.932 55.263 0.000
42.954 55.263 0.000
42.976 55.263 0.000
42.999 55.263 0.000
43.021 55.263 0.000
43.043 55.263 0.000
43.065 55.263 0.000
43.088 55.263 0.000
43.110 55.263 0.000
43.132 55.263 0.000
43.154 55.263 0.000
43.176 55.263 0.000
43.199 55.263 0.000
43.221 55.263 0.000
43.243 55.263 0.000
43.265 55.263 0.000
43.288 55.263 0.000
43.310 55.263 0.000
43.332 55.263 0.000
43.354 55.263 0.000
43.376 55.263 0.000
43.399 55.263 0.000
43.421 55.263 0.000
43.443 55.263 0.000
43.465 55.263 0.000
43.488 55.263 0.000
43.510 55.263 0.000
43.532 55.263 0.000
43.554 55.263 0.000
43.576 55.263 0.000
43.599 55.263 0.000
43.621 55.263 0.000
43.643 55.263 0.000
43.665 55.263 0.000
43.688 55.263 0.000
43.710 55.263 0.000
43.732 55.263 0.000
43.754 55.263 0.000
43.776 55.263 0.000
43.799 55.263 0.000
43.821 55.263 0.000
43.843 55.263 0.000
43.865 55.263 0.000
43.888 55.263 0.000
43.910 55.263 0.000
43.932 55.263 0.000
43.954 55.263 0.000
43.976 55.263 0.000
43.999 55.263 0.000
44.021 55.263 0.000
44.043 55.263 0.000
44.065 55.263 0.000
44.088 55.263 0.000
44.110 55.263 0.000
44.133 55.263 0.000
44.155 55.263 0.000
44.178 55.262 6.234
44.200 55.260 6.166
44.223 55.257 6.097
44.245 55.252 6.028
44.266 55.245 5.959
44.288 55.238 5.891
44.293 55.235 5.891
44.299 55.232 5.891
44.304 55.229 5.891
44.310 55.226 5.891
44.315 55.224 5.891
44.321 55.221 5.891
44.326 55.218 5.891
44.332 55.215 5.891
44.338 55.213 5.891
44.354 55.204 5.891
44.371 55.196 5.891
44.388 55.188 5.891
44.404 55.179 5.891
44.421 55.171 5.891
44.438 55.163 5.891
44.454 55.154 5.891
44.471 55.146 5.891
44.488 55.138 5.891
44.502 55.128 5.860
44.517 55.119 5.830
44.532 55.108 5.800
44.546 55.098 5.769
44.560 55.087 5.739
44.573 55.075 5.709
44.587 55.063 5.678
44.600 55.050 5.648
44.613 55.038 5.498
44.615 55.035 5.498
44.618 55.032 5.498
44.621 55.029 5.498
44.624 55.026 5.498
44.626 55.024 5.498
44.629 55.021 5.498
44.632 55.018 5.498
44.635 55.015 5.498
44.638 55.013 5.498
44.640 55.010 5.498
44.643 55.007 5.498
44.646 55.004 5.498
44.649 55.001 5.498
44.651 54.999 5.498
44.654 54.996 5.498
44.657 54.993 5.498
44.660 54.990 5.498
44.663 54.988 5.498
44.679 54.971 5.498
44.696 54.954 5.498
44.713 54.938 5.498
44.729 54.921 5.498
44.746 54.904 5.498
44.763 54.888 5.498
44.779 54.871 5.498
44.796 54.854 5.498
44.813 54.838 5.498
44.829 54.821 5.498
44.846 54.804 5.498
44.863 54.788 5.498
44.879 54.771 5.498
44.896 54.754 5.498
44.913 54.738 5.498
44.929 54.721 5.498
44.946 54.704 5.498
44.963 54.688 5.498
44.980 54.671 5.498
44.996 54.653 5.468
45.013 54.635 5.416
45.028 54.617 5.364
45.042 54.597 5.312
45.055 54.577 5.261
45.067 54.556 5.209
45.078 54.535 5.157
45.088 54.513 5.105
45.095 54.494 5.105
45.103 54.475 5.105
45.111 54.456 5.105
45.119 54.437 5.086
45.125 54.418 5.011
45.131 54.398 4.937
45.135 54.378 4.862
45.137 54.358 4.787
45.138 54.338 4.712
45.138 54.335 4.712
45.138 54.332 4.712
45.138 54.329 4.712
45.138 54.326 4.712
45.138 54.324 4.712
45.138 54.321 4.712
45.138 54.318 4.712
45.138 54.315 4.712
45.138 54.313 4.712
45.138 54.310 4.712
45.138 54.307 4.712
45.138 54.304 4.712
45.138 54.301 4.712
45.138 54.299 4.712
45.138 54.296 4.712
45.138 54.293 4.712
45.138 54.290 4.712
45.138 54.288 4.712
45.138 54.265 4.712
45.138 54.243 4.712
45.138 54.221 4.712
45.138 54.199 4.712
45.138 54.176 4.712
45.138 54.154 4.712
45.138 54.132 4.712
45.138 54.110 4.712
45.138 54.088 4.712
45.138 54.065 4.712
45.138 54.043 4.712
45.138 54.021 4.712
45.138 53.999 4.712
45.138 53.976 4.712
45.138 53.954 4.712
45.138 53.932 4.712
45.138 53.910 4.712
45.138 53.888 4.712
45.138 53.865 4.712
45.138 53.843 4.712
45.138 53.821 4.712
45.138 53.799 4.712
45.138 53.776 4.712
45.138 53.754 4.712
45.138 53.732 4.712
45.138 53.710 4.712
45.138 53.688 4.712
45.138 53.665 4.712
45.138 53.642 4.712
45.138 53.620 4.712
45.138 53.597 4.761
45.140 53.575 4.830
45.143 53.552 4.899
45.148 53.530 4.968
45.155 53.509 5.036
45.163 53.488 5.105
45.165 53.482 5.105
45.168 53.476 5.105
45.171 53.471 5.105
45.174 53.465 5.105
45.176 53.460 5.105
45.179 53.454 5.105
45.182 53.449 5.105
45.185 53.443 5.105
45.188 53.438 5.105
45.196 53.421 5.105
45.204 53.404 5.105
45.213 53.388 5.105
45.221 53.371 5.105
45.229 53.354 5.105
45.238 53.338 5.105
45.246 53.321 5.105
45.254 53.304 5.105
45.263 53.288 5.105
45.272 53.273 5.135
45.281 53.258 5.166
45.292 53.244 5.196
45.302 53.229 5.226
45.313 53.215 5.257
45.325 53.202 5.287
45.337 53.188 5.317
45.350 53.175 5.348
45.363 53.163 5.498
45.379 53.146 5.498
45.396 53.129 5.498
45.413 53.113 5.498
45.429 53.096 5.498
45.446 53.079 5.498
45.463 53.063 5.498
45.479 53.046 5.498
45.496 53.029 5.498
45.513 53.013 5.498
45.529 52.996 5.498
45.546 52.979 5.498
45.562 52.963 5.498
45.579 52.946 5.498
45.596 52.929 5.498
45.613 52.913 5.498
45.629 52.896 5.498
45.646 52.879 5.498
45.663 52.863 5.498
45.680 52.846 5.498
45.697 52.829 5.527
45.715 52.813 5.579
45.733 52.797 5.631
45.753 52.783 5.683
45.773 52.770 5.735
45.794 52.758 5.787
45.816 52.747 5.839
45.838 52.738 5.891
45.843 52.735 5.891
45.849 52.732 5.891
45.854 52.729 5.891
45.860 52.726 5.891
45.865 52.724 5.891
45.871 52.721 5.891
45.876 52.718 5.891
45.882 52.715 5.891
45.888 52.713 5.891
45.904 52.704 5.891
45.921 52.696 5.891
45.938 52.688 5.891
45.954 52.679 5.891
45.971 52.671 5.891
45.988 52.663 5.891
46.004 52.654 5.891
46.021 52.646 5.891
46.038 52.638 5.891
46.054 52.629 5.891
46.071 52.621 5.891
46.088 52.613 5.891
46.104 52.604 5.891
46.121 52.596 5.891
46.138 52.588 5.891
46.154 52.579 5.891
46.171 52.571 5.891
46.188 52.563 5.891
46.206 52.555 5.891
46.225 52.547 5.891
46.244 52.539 5.891
46.263 52.531 5.910
46.282 52.525 5.984
46.302 52.519 6.059
46.322 52.516 6.134
46.342 52.513 6.208
46.363 52.513 0.000
46.365 52.513 0.000
46.368 52.513 0.000
46.371 52.513 0.000
46.374 52.513 0.000
46.376 52.513 0.000
46.379 52.513 0.000
46.382 52.513 0.000
46.385 52.513 0.000
46.388 52.513 0.000
46.390 52.513 0.000
46.393 52.513 0.000
46.396 52.513 0.000
46.399 52.513 0.000
46.401 52.513 0.000
46.404 52.513 0.000
46.407 52.513 0.000
46.410 52.513 0.000
46.413 52.513 0.000
46.415 52.513 0.000
46.418 52.513 0.000
46.421 52.513 0.000
46.424 52.513 0.000
46.426 52.513 0.000
46.429 52.513 0.000
46.432 52.513 0.000
46.435 52.513 0.000
46.438 52.513 0.000
46.440 52.513 0.000
46.443 52.513 0.000
46.446 52.513 0.000
46.449 52.513 0.000
46.451 52.513 0.000
46.454 52.513 0.000
46.457 52.513 0.000
46.460 52.513 0.000
46.463 52.513 0.000
46.465 52.513 0.000
46.468 52.513 0.000
46.471 52.513 0.000
46.474 52.513 0.000
46.476 52.513 0.000
46.479 52.513 0.000
46.482 52.513 0.000
46.485 52.513 0.000
46.488 52.513 0.000
46.490 52.513 0.000
46.493 52.513 0.000
46.496 52.513 0.000
46.499 52.513 0.000
46.501 52.513 0.000
46.504 52.513 0.000
46.507 52.513 0.000
46.510 52.513 0.000
46.513 52.513 0.000
46.535 52.513 0.000
46.557 52.513 0.000
46.579 52.513 0.000
46.601 52.513 0.000
46.624 52.513 0.000
46.646 52.513 0.000
46.668 52.513 0.000
46.690 52.513 0.000
46.713 52.513 0.000
46.735 52.513 0.000
46.757 52.513 0.000
46.779 52.513 0.000
46.801 52.513 0.000
46.824 52.513 0.000
46.846 52.513 0.000
46.868 52.513 0.000
46.890 52.513 0.000
46.913 52.513 0.000
46.935 52.513 0.000
46.957 52.513 0.000
46.979 52.513 0.000
47.001 52.513 0.000
47.024 52.513 0.000
47.046 52.513 0.000
47.068 52.513 0.000
47.090 52.513 0.000
47.113 52.513 0.000
47.135 52.513 0.000
47.157 52.513 0.000
47.179 52.513 0.000
47.201 52.513 0.000
47.224 52.513 0.000
47.246 52.513 0.000
47.268 52.513 0.000
47.290 52.513 0.000
47.313 52.513 0.000
47.335 52.513 0.000
47.357 52.513 0.000
47.379 52.513 0.000
47.401 52.513 0.000
47.424 52.513 0.000
47.446 52.513 0.000
47.468 52.513 0.000
47.490 52.513 0.000
47.513 52.513 0.000
47.535 52.513 0.000
47.557 52.513 0.000
47.579 52.513 0.000
47.601 52.513 0.000
47.624 52.513 0.000
47.646 52.513 0.000
47.668 52.513 0.000
47.690 52.513 0.000
