11.188 21.512 0.000
11.185 21.512 0.000
11.182 21.512 0.000
11.179 21.512 0.000
11.176 21.512 0.000
11.174 21.512 0.000
11.171 21.512 0.000
11.168 21.512 0.000
11.165 21.512 0.000
11.162 21.512 0.000
11.160 21.512 0.000
11.157 21.512 0.000
11.154 21.512 0.000
11.151 21.512 0.000
11.149 21.512 0.000
11.146 21.512 0.000
11.143 21.512 0.000
11.140 21.512 0.000
11.137 21.512 0.000
11.135 21.512 0.000
11.132 21.512 0.000
11.129 21.512 0.000
11.126 21.512 0.000
11.124 21.512 0.000
11.121 21.512 0.000
11.118 21.512 0.000
11.115 21.512 0.000
11.113 21.512 0.000
11.135 21.512 0.000
11.158 21.512 0.000
11.180 21.512 0.000
11.203 21.513 0.049
11.225 21.515 0.118
11.248 21.518 0.186
11.270 21.523 0.255
11.291 21.530 0.324
11.312 21.538 0.393
11.327 21.547 0.423
11.342 21.556 0.453
11.357 21.567 0.484
11.371 21.577 0.514
11.385 21.588 0.544
11.398 21.600 0.575
11.412 21.612 0.605
11.425 21.625 0.635
11.438 21.637 0.785
11.454 21.654 0.785
11.471 21.671 0.785
11.488 21.688 0.785
11.504 21.704 0.785
11.521 21.721 0.785
11.537 21.738 0.785
11.554 21.754 0.785
11.571 21.771 0.785
11.588 21.788 0.785
11.604 21.804 0.785
11.621 21.821 0.785
11.638 21.838 0.785
11.654 21.854 0.785
11.671 21.871 0.785
11.688 21.888 0.785
11.704 21.904 0.785
11.721 21.921 0.785
11.738 21.938 0.785
11.754 21.954 0.785
11.771 21.971 0.785
11.788 21.988 0.785
11.804 22.004 0.785
11.821 22.021 0.785
11.838 22.038 0.785
11.854 22.054 0.785
11.871 22.071 0.785
11.887 22.088 0.785
11.890 22.090 0.785
11.893 22.093 0.785
11.896 22.096 0.785
11.899 22.099 0.785
11.901 22.101 0.785
11.904 22.104 0.785
11.907 22.107 0.785
11.910 22.110 0.785
11.912 22.113 0.785
11.915 22.115 0.785
11.918 22.118 0.785
11.921 22.121 0.785
11.924 22.124 0.785
11.926 22.126 0.785
11.929 22.129 0.785
11.932 22.132 0.785
11.935 22.135 0.785
11.938 22.137 0.785
11.940 22.140 0.785
11.943 22.143 0.785
11.946 22.146 0.785
11.949 22.149 0.785
11.951 22.151 0.785
11.954 22.154 0.785
11.957 22.157 0.785
11.960 22.160 0.785
11.963 22.163 0.785
11.979 22.180 0.785
11.997 22.196 0.756
12.015 22.213 0.704
12.033 22.228 0.652
12.053 22.242 0.600
12.073 22.255 0.548
12.094 22.267 0.496
12.116 22.278 0.445
12.137 22.288 0.393
12.156 22.295 0.393
12.175 22.303 0.393
12.194 22.311 0.393
12.213 22.319 0.374
12.232 22.325 0.299
12.252 22.331 0.224
12.272 22.335 0.149
12.292 22.337 0.075
12.312 22.338 0.000
12.315 22.338 0.000
12.318 22.338 0.000
12.321 22.338 0.000
12.324 22.338 0.000
12.326 22.338 0.000
12.329 22.338 0.000
12.332 22.338 0.000
12.335 22.338 0.000
12.338 22.338 0.000
12.340 22.338 0.000
12.343 22.338 0.000
12.346 22.338 0.000
12.349 22.338 0.000
12.351 22.338 0.000
12.354 22.338 0.000
12.357 22.338 0.000
12.360 22.338 0.000
12.363 22.338 0.000
12.385 22.338 0.000
12.408 22.338 0.000
12.430 22.338 0.000
12.453 22.338 0.049
12.475 22.340 0.118
12.498 22.343 0.186
12.520 22.348 0.255
12.541 22.355 0.324
12.562 22.363 0.393
12.581 22.370 0.393
12.600 22.378 0.393
12.619 22.386 0.393
12.638 22.394 0.374
12.657 22.400 0.299
12.677 22.406 0.224
12.697 22.410 0.149
12.717 22.412 0.075
12.738 22.413 0.000
12.740 22.413 0.000
12.743 22.413 0.000
12.746 22.413 0.000
12.749 22.413 0.000
12.751 22.413 0.000
12.754 22.413 0.000
12.757 22.413 0.000
12.760 22.413 0.000
12.762 22.413 0.000
12.765 22.413 0.000
12.768 22.413 0.000
12.771 22.413 0.000
12.774 22.413 0.000
12.776 22.413 0.000
12.779 22.413 0.000
12.782 22.413 0.000
12.785 22.413 0.000
12.787 22.413 0.000
12.790 22.413 0.000
12.793 22.413 0.000
12.796 22.413 0.000
12.799 22.413 0.000
12.801 22.413 0.000
12.804 22.413 0.000
12.807 22.413 0.000
12.810 22.413 0.000
12.812 22.413 0.000
12.815 22.413 0.000
12.818 22.413 0.000
12.821 22.413 0.000
12.824 22.413 0.000
12.826 22.413 0.000
12.829 22.413 0.000
12.832 22.413 0.000
12.835 22.413 0.000
12.838 22.413 0.000
12.840 22.413 0.000
12.843 22.413 0.000
12.846 22.413 0.000
12.849 22.413 0.000
12.851 22.413 0.000
12.854 22.413 0.000
12.857 22.413 0.000
12.860 22.413 0.000
12.863 22.413 0.000
12.865 22.413 0.000
12.868 22.413 0.000
12.871 22.413 0.000
12.874 22.413 0.000
12.876 22.413 0.000
12.879 22.413 0.000
12.882 22.413 0.000
12.885 22.413 0.000
12.887 22.413 0.000
12.890 22.413 0.000
12.893 22.413 0.000
12.896 22.413 0.000
12.899 22.413 0.000
12.901 22.413 0.000
12.904 22.413 0.000
12.907 22.413 0.000
12.910 22.413 0.000
12.912 22.413 0.000
12.915 22.413 0.000
12.918 22.413 0.000
12.921 22.413 0.000
12.924 22.413 0.000
12.926 22.413 0.000
12.929 22.413 0.000
12.932 22.413 0.000
12.935 22.413 0.000
12.938 22.413 0.000
12.940 22.413 0.000
12.943 22.413 0.000
12.946 22.413 0.000
12.949 22.413 0.000
12.951 22.413 0.000
12.954 22.413 0.000
12.957 22.413 0.000
12.960 22.413 0.000
12.963 22.413 0.000
12.965 22.413 0.000
12.968 22.413 0.000
12.971 22.413 0.000
12.974 22.413 0.000
12.976 22.413 0.000
12.979 22.413 0.000
12.982 22.413 0.000
12.985 22.413 0.000
12.988 22.413 0.000
12.990 22.413 0.000
12.993 22.413 0.000
12.996 22.413 0.000
12.999 22.413 0.000
13.001 22.413 0.000
13.004 22.413 0.000
13.007 22.413 0.000
13.010 22.413 0.000
13.012 22.413 0.000
13.015 22.413 0.000
13.018 22.413 0.000
13.021 22.413 0.000
13.024 22.413 0.000
13.026 22.413 0.000
13.029 22.413 0.000
13.032 22.413 0.000
13.035 22.413 0.000
13.037 22.413 0.000
13.040 22.413 0.000
13.043 22.413 0.000
13.046 22.413 0.000
13.049 22.413 0.000
13.051 22.413 0.000
13.054 22.413 0.000
13.057 22.413 0.000
13.060 22.413 0.000
13.062 22.413 0.000
13.065 22.413 0.000
13.068 22.413 0.000
13.071 22.413 0.000
13.074 22.413 0.000
13.076 22.413 0.000
13.079 22.413 0.000
13.082 22.413 0.000
13.085 22.413 0.000
13.088 22.413 0.000
13.090 22.413 0.000
13.093 22.413 0.000
13.096 22.413 0.000
13.099 22.413 0.000
13.101 22.413 0.000
13.104 22.413 0.000
13.107 22.413 0.000
13.110 22.413 0.000
13.113 22.413 0.000
13.115 22.413 0.000
13.118 22.413 0.000
13.121 22.413 0.000
13.124 22.413 0.000
13.126 22.413 0.000
13.129 22.413 0.000
13.132 22.413 0.000
13.135 22.413 0.000
13.137 22.413 0.000
13.140 22.413 0.000
13.143 22.413 0.000
13.146 22.413 0.000
13.149 22.413 0.000
13.151 22.413 0.000
13.154 22.413 0.000
13.157 22.413 0.000
13.160 22.413 0.000
13.162 22.413 0.000
13.165 22.413 0.000
13.168 22.413 0.000
13.171 22.413 0.000
13.174 22.413 0.000
13.176 22.413 0.000
13.179 22.413 0.000
13.182 22.413 0.000
13.185 22.413 0.000
13.188 22.413 0.000
13.190 22.413 0.000
13.193 22.413 0.000
13.196 22.413 0.000
13.199 22.413 0.000
13.201 22.413 0.000
13.204 22.413 0.000
13.207 22.413 0.000
13.210 22.413 0.000
13.213 22.413 0.000
13.215 22.413 0.000
13.218 22.413 0.000
13.221 22.413 0.000
13.224 22.413 0.000
13.226 22.413 0.000
13.229 22.413 0.000
13.232 22.413 0.000
13.235 22.413 0.000
13.238 22.413 0.000
13.240 22.413 0.000
13.243 22.413 0.000
13.246 22.413 0.000
13.249 22.413 0.000
13.251 22.413 0.000
13.254 22.413 0.000
13.257 22.413 0.000
13.260 22.413 0.000
13.262 22.413 0.000
13.265 22.413 0.000
13.268 22.413 0.000
13.271 22.413 0.000
13.274 22.413 0.000
13.276 22.413 0.000
13.279 22.413 0.000
13.282 22.413 0.000
13.285 22.413 0.000
13.287 22.413 0.000
13.310 22.413 0.000
13.333 22.413 0.000
13.355 22.413 0.000
13.378 22.413 0.049
13.400 22.415 0.118
13.423 22.418 0.186
13.445 22.423 0.255
13.466 22.430 0.324
13.488 22.438 0.393
13.504 22.446 0.393
13.521 22.454 0.393
13.538 22.462 0.393
13.554 22.471 0.393
13.571 22.479 0.393
13.588 22.488 0.393
13.604 22.496 0.393
13.621 22.504 0.393
13.637 22.512 0.393
13.643 22.515 0.393
13.649 22.518 0.393
13.654 22.521 0.393
13.660 22.524 0.393
13.665 22.526 0.393
13.671 22.529 0.393
13.676 22.532 0.393
13.682 22.535 0.393
13.688 22.538 0.393
13.693 22.540 0.393
13.699 22.543 0.393
13.704 22.546 0.393
13.710 22.549 0.393
13.715 22.551 0.393
13.721 22.554 0.393
13.726 22.557 0.393
13.732 22.560 0.393
13.738 22.562 0.393
13.743 22.565 0.393
13.749 22.568 0.393
13.754 22.571 0.393
13.760 22.574 0.393
13.765 22.576 0.393
13.771 22.579 0.393
13.776 22.582 0.393
13.782 22.585 0.393
13.787 22.588 0.393
13.804 22.596 0.393
13.821 22.604 0.393
13.838 22.613 0.393
13.854 22.621 0.393
13.871 22.629 0.393
13.887 22.638 0.393
13.904 22.646 0.393
13.921 22.654 0.393
13.938 22.663 0.393
13.954 22.671 0.393
13.971 22.679 0.393
13.988 22.688 0.393
14.004 22.696 0.393
14.021 22.704 0.393
14.037 22.713 0.393
14.054 22.721 0.393
14.071 22.729 0.393
14.088 22.738 0.393
14.104 22.746 0.393
14.121 22.754 0.393
14.138 22.762 0.393
14.154 22.771 0.393
14.171 22.779 0.393
14.188 22.788 0.393
14.204 22.796 0.393
14.221 22.804 0.393
14.238 22.812 0.393
14.254 22.821 0.393
14.271 22.829 0.393
14.288 22.837 0.393
14.304 22.846 0.393
14.321 22.854 0.393
14.338 22.863 0.393
14.354 22.871 0.393
14.371 22.879 0.393
14.387 22.887 0.393
14.404 22.896 0.393
14.421 22.904 0.393
14.438 22.912 0.393
14.454 22.921 0.393
14.471 22.929 0.393
14.487 22.938 0.393
14.504 22.946 0.393
14.521 22.954 0.393
14.537 22.963 0.393
14.554 22.971 0.393
14.571 22.979 0.393
14.588 22.988 0.393
14.604 22.996 0.393
14.621 23.004 0.393
14.637 23.013 0.393
14.654 23.021 0.393
14.671 23.029 0.393
14.688 23.038 0.393
14.704 23.046 0.393
14.721 23.054 0.393
14.738 23.062 0.393
14.754 23.071 0.393
14.771 23.079 0.393
14.787 23.088 0.393
14.804 23.096 0.393
14.821 23.104 0.393
14.838 23.113 0.393
14.852 23.122 0.423
14.867 23.131 0.453
14.882 23.142 0.484
14.896 23.152 0.514
14.910 23.163 0.544
14.923 23.175 0.575
14.937 23.187 0.605
14.950 23.200 0.635
14.963 23.213 0.785
14.979 23.229 0.785
14.996 23.246 0.785
15.013 23.263 0.785
15.029 23.279 0.785
15.046 23.296 0.785
15.062 23.313 0.785
15.079 23.329 0.785
15.096 23.346 0.785
15.113 23.363 0.785
15.129 23.379 0.785
15.146 23.396 0.785
15.163 23.413 0.785
15.179 23.429 0.785
15.196 23.446 0.785
15.213 23.463 0.785
15.229 23.479 0.785
15.246 23.496 0.785
15.262 23.512 0.785
15.279 23.529 0.785
15.296 23.546 0.785
15.312 23.562 0.785
15.329 23.579 0.785
15.346 23.596 0.785
15.362 23.613 0.785
15.379 23.629 0.785
15.396 23.646 0.785
15.412 23.663 0.785
15.429 23.679 0.785
15.446 23.696 0.785
15.463 23.713 0.785
15.479 23.729 0.785
15.496 23.746 0.785
15.512 23.763 0.785
15.529 23.779 0.785
15.546 23.796 0.785
15.562 23.812 0.785
15.579 23.829 0.785
15.596 23.846 0.785
15.613 23.863 0.785
15.629 23.879 0.785
15.646 23.896 0.785
15.662 23.913 0.785
15.679 23.929 0.785
15.696 23.946 0.785
15.713 23.963 0.785
15.729 23.979 0.785
15.746 23.996 0.785
15.763 24.013 0.785
15.779 24.029 0.785
15.796 24.046 0.785
15.812 24.063 0.785
15.829 24.079 0.785
15.846 24.096 0.785
15.863 24.113 0.785
15.865 24.115 0.785
15.868 24.118 0.785
15.871 24.121 0.785
15.874 24.124 0.785
15.876 24.126 0.785
15.879 24.129 0.785
15.882 24.132 0.785
15.885 24.135 0.785
15.887 24.137 0.785
15.890 24.140 0.785
15.893 24.143 0.785
15.896 24.146 0.785
15.899 24.149 0.785
15.901 24.151 0.785
15.904 24.154 0.785
15.907 24.157 0.785
15.910 24.160 0.785
15.912 24.163 0.785
15.929 24.180 0.785
15.946 24.197 0.815
15.963 24.215 0.867
15.978 24.233 0.919
15.992 24.253 0.971
16.005 24.273 1.022
16.017 24.294 1.074
16.028 24.316 1.126
16.038 24.338 1.178
16.046 24.354 1.178
16.054 24.371 1.178
16.062 24.388 1.178
16.071 24.404 1.178
16.079 24.421 1.178
16.088 24.438 1.178
16.096 24.454 1.178
16.104 24.471 1.178
16.113 24.488 1.178
16.121 24.504 1.178
16.129 24.521 1.178
16.137 24.538 1.178
16.146 24.554 1.178
16.154 24.571 1.178
16.163 24.588 1.178
16.171 24.604 1.178
16.179 24.621 1.178
16.188 24.637 1.178
16.196 24.654 1.178
16.204 24.671 1.178
16.212 24.688 1.178
16.221 24.704 1.178
16.229 24.721 1.178
16.238 24.738 1.178
16.246 24.754 1.178
16.254 24.771 1.178
16.262 24.788 1.178
16.271 24.804 1.178
16.279 24.821 1.178
16.287 24.838 1.178
16.296 24.854 1.178
16.304 24.871 1.178
16.312 24.888 1.178
16.321 24.904 1.178
16.329 24.921 1.178
16.337 24.938 1.178
16.346 24.954 1.178
16.354 24.971 1.178
16.362 24.988 1.178
16.371 25.004 1.178
16.379 25.021 1.178
16.387 25.038 1.178
16.396 25.054 1.178
16.404 25.071 1.178
16.413 25.088 1.178
16.421 25.104 1.178
16.429 25.121 1.178
16.438 25.138 1.178
16.446 25.154 1.178
16.454 25.171 1.178
16.463 25.188 1.178
16.471 25.204 1.178
16.479 25.221 1.178
16.488 25.238 1.178
16.490 25.243 1.178
16.493 25.249 1.178
16.496 25.254 1.178
16.499 25.260 1.178
16.501 25.265 1.178
16.504 25.271 1.178
16.507 25.276 1.178
16.510 25.282 1.178
16.512 25.288 1.178
16.520 25.306 1.178
16.528 25.325 1.178
16.536 25.344 1.178
16.544 25.363 1.197
16.550 25.382 1.272
16.556 25.402 1.347
16.559 25.422 1.421
16.562 25.442 1.496
16.562 25.463 1.571
16.562 25.485 1.571
16.562 25.507 1.571
16.562 25.529 1.571
16.562 25.551 1.571
16.562 25.574 1.571
16.562 25.596 1.571
16.562 25.618 1.571
16.562 25.640 1.571
16.562 25.663 1.571
16.562 25.685 1.571
16.562 25.707 1.571
16.562 25.729 1.571
16.562 25.751 1.571
16.562 25.774 1.571
16.562 25.796 1.571
16.562 25.818 1.571
16.562 25.840 1.571
16.562 25.863 1.571
16.562 25.885 1.571
16.562 25.907 1.571
16.562 25.929 1.571
16.562 25.951 1.571
16.562 25.974 1.571
16.562 25.996 1.571
16.562 26.018 1.571
16.562 26.040 1.571
16.562 26.062 1.571
16.562 26.085 1.571
16.562 26.107 1.571
16.562 26.129 1.571
16.562 26.151 1.571
16.562 26.174 1.571
16.562 26.196 1.571
16.562 26.218 1.571
16.562 26.240 1.571
16.562 26.262 1.571
16.562 26.285 1.571
16.562 26.307 1.571
16.562 26.329 1.571
16.562 26.351 1.571
16.562 26.374 1.571
16.562 26.396 1.571
16.562 26.418 1.571
16.562 26.440 1.571
16.562 26.463 1.571
16.562 26.485 1.571
16.562 26.507 1.571
16.562 26.529 1.571
16.562 26.551 1.571
16.562 26.574 1.571
16.562 26.596 1.571
16.562 26.618 1.571
16.562 26.640 1.571
16.562 26.663 1.571
16.562 26.685 1.571
16.562 26.707 1.571
16.562 26.729 1.571
16.562 26.751 1.571
16.562 26.774 1.571
16.562 26.796 1.571
16.562 26.818 1.571
16.562 26.840 1.571
16.562 26.863 1.571
16.562 26.885 1.571
16.562 26.907 1.571
16.562 26.929 1.571
16.562 26.951 1.571
16.562 26.974 1.571
16.562 26.996 1.571
16.562 27.018 1.571
16.562 27.040 1.571
16.562 27.062 1.571
16.562 27.085 1.571
16.562 27.107 1.571
16.562 27.129 1.571
16.562 27.151 1.571
16.562 27.174 1.571
16.562 27.196 1.571
16.562 27.218 1.571
16.562 27.240 1.571
16.562 27.262 1.571
16.562 27.285 1.571
16.562 27.307 1.571
16.562 27.329 1.571
16.562 27.351 1.571
16.562 27.374 1.571
16.562 27.396 1.571
16.562 27.418 1.571
16.562 27.440 1.571
16.562 27.463 1.571
16.562 27.485 1.571
16.562 27.507 1.571
16.562 27.529 1.571
16.562 27.551 1.571
16.562 27.574 1.571
16.562 27.596 1.571
16.562 27.618 1.571
16.562 27.640 1.571
16.562 27.663 1.571
16.562 27.685 1.571
16.562 27.707 1.571
16.562 27.729 1.571
16.562 27.751 1.571
16.562 27.774 1.571
16.562 27.796 1.571
16.562 27.818 1.571
16.562 27.840 1.571
16.562 27.863 1.571
16.562 27.885 1.571
16.562 27.907 1.571
16.562 27.929 1.571
16.562 27.951 1.571
16.562 27.974 1.571
16.562 27.996 1.571
16.562 28.018 1.571
16.562 28.040 1.571
16.562 28.062 1.571
16.562 28.085 1.571
16.562 28.107 1.571
16.562 28.129 1.571
16.562 28.151 1.571
16.562 28.174 1.571
16.562 28.196 1.571
16.562 28.218 1.571
16.562 28.240 1.571
16.562 28.262 1.571
16.562 28.285 1.571
16.562 28.307 1.571
16.562 28.329 1.571
16.562 28.351 1.571
16.562 28.374 1.571
16.562 28.396 1.571
16.562 28.418 1.571
16.562 28.440 1.571
16.562 28.463 1.571
16.562 28.485 1.571
16.562 28.507 1.571
16.562 28.529 1.571
16.562 28.551 1.571
16.562 28.574 1.571
16.562 28.596 1.571
16.562 28.618 1.571
16.562 28.640 1.571
16.562 28.663 1.571
16.562 28.685 1.571
16.562 28.707 1.571
16.562 28.729 1.571
16.562 28.751 1.571
16.562 28.774 1.571
16.562 28.796 1.571
16.562 28.818 1.571
16.562 28.840 1.571
16.562 28.863 1.571
16.562 28.885 1.571
16.562 28.907 1.571
16.562 28.929 1.571
16.562 28.951 1.571
16.562 28.974 1.571
16.562 28.996 1.571
16.562 29.018 1.571
16.562 29.040 1.571
16.562 29.062 1.571
16.562 29.065 1.571
16.562 29.068 1.571
16.562 29.071 1.571
16.562 29.074 1.571
16.562 29.076 1.571
16.562 29.079 1.571
16.562 29.082 1.571
16.562 29.085 1.571
16.562 29.088 1.571
16.562 29.090 1.571
16.562 29.093 1.571
16.562 29.096 1.571
16.562 29.099 1.571
16.562 29.101 1.571
16.562 29.104 1.571
16.562 29.107 1.571
16.562 29.110 1.571
16.562 29.113 1.571
16.562 29.115 1.571
16.562 29.118 1.571
16.562 29.121 1.571
16.562 29.124 1.571
16.562 29.126 1.571
16.562 29.129 1.571
16.562 29.132 1.571
16.562 29.135 1.571
16.562 29.137 1.571
16.562 29.140 1.571
16.562 29.143 1.571
16.562 29.146 1.571
16.562 29.149 1.571
16.562 29.151 1.571
16.562 29.154 1.571
16.562 29.157 1.571
16.562 29.160 1.571
16.562 29.163 1.571
16.562 29.165 1.571
16.562 29.168 1.571
16.562 29.171 1.571
16.562 29.174 1.571
16.562 29.176 1.571
16.562 29.179 1.571
16.562 29.182 1.571
16.562 29.185 1.571
16.562 29.188 1.571
16.562 29.190 1.571
16.562 29.193 1.571
16.562 29.196 1.571
16.562 29.199 1.571
16.562 29.201 1.571
16.562 29.204 1.571
16.562 29.207 1.571
16.562 29.210 1.571
16.562 29.213 1.571
16.562 29.235 1.571
16.562 29.258 1.571
16.562 29.280 1.571
16.563 29.303 1.522
16.565 29.325 1.453
16.568 29.348 1.384
16.573 29.370 1.316
16.580 29.391 1.247
16.587 29.413 1.178
16.596 29.429 1.178
16.604 29.446 1.178
16.612 29.463 1.178
16.621 29.479 1.178
16.629 29.496 1.178
16.637 29.513 1.178
16.646 29.529 1.178
16.654 29.546 1.178
16.663 29.562 1.178
16.671 29.579 1.178
16.679 29.596 1.178
16.688 29.613 1.178
16.696 29.629 1.178
16.704 29.646 1.178
16.713 29.663 1.178
16.721 29.679 1.178
16.729 29.696 1.178
16.738 29.713 1.178
16.746 29.729 1.178
16.754 29.746 1.178
16.762 29.763 1.178
16.771 29.779 1.178
16.779 29.796 1.178
16.788 29.813 1.178
16.796 29.829 1.178
16.804 29.846 1.178
16.812 29.863 1.178
16.821 29.879 1.178
16.829 29.896 1.178
16.837 29.913 1.178
16.846 29.929 1.178
16.854 29.946 1.178
16.863 29.963 1.178
16.871 29.979 1.178
16.879 29.996 1.178
16.887 30.012 1.178
16.896 30.029 1.178
16.904 30.046 1.178
16.912 30.062 1.178
16.921 30.079 1.178
16.929 30.096 1.178
16.938 30.113 1.178
16.946 30.129 1.178
16.954 30.146 1.178
16.962 30.163 1.178
16.971 30.179 1.178
16.979 30.196 1.178
16.987 30.213 1.178
16.996 30.229 1.178
17.004 30.246 1.178
17.012 30.263 1.178
17.021 30.279 1.178
17.029 30.296 1.178
17.038 30.312 1.178
17.046 30.329 1.178
17.054 30.346 1.178
17.062 30.363 1.178
17.071 30.379 1.178
17.079 30.396 1.178
17.088 30.413 1.178
17.096 30.429 1.178
17.104 30.446 1.178
17.113 30.463 1.178
17.121 30.479 1.178
17.129 30.496 1.178
17.137 30.513 1.178
17.146 30.529 1.178
17.154 30.546 1.178
17.163 30.563 1.178
17.171 30.579 1.178
17.179 30.596 1.178
17.188 30.613 1.178
17.196 30.629 1.178
17.204 30.646 1.178
17.212 30.663 1.178
17.221 30.679 1.178
17.229 30.696 1.178
17.238 30.713 1.178
17.246 30.729 1.178
17.254 30.746 1.178
17.262 30.762 1.178
17.271 30.779 1.178
17.279 30.796 1.178
17.287 30.812 1.178
17.296 30.829 1.178
17.304 30.846 1.178
17.312 30.863 1.178
17.321 30.879 1.178
17.329 30.896 1.178
17.337 30.913 1.178
17.346 30.929 1.178
17.354 30.946 1.178
17.362 30.963 1.178
17.371 30.979 1.178
17.379 30.996 1.178
17.387 31.013 1.178
17.396 31.029 1.178
17.404 31.046 1.178
17.413 31.062 1.178
17.420 31.081 1.178
17.428 31.100 1.178
17.436 31.119 1.178
17.444 31.138 1.197
17.450 31.157 1.272
17.456 31.177 1.347
17.460 31.197 1.421
17.462 31.217 1.496
17.462 31.238 1.571
17.462 31.260 1.571
17.462 31.282 1.571
17.462 31.304 1.571
17.462 31.326 1.571
17.462 31.349 1.571
17.462 31.371 1.571
17.462 31.393 1.571
17.462 31.415 1.571
17.462 31.438 1.571
17.462 31.460 1.571
17.462 31.482 1.571
17.462 31.504 1.571
17.462 31.526 1.571
17.462 31.549 1.571
17.462 31.571 1.571
17.462 31.593 1.571
17.462 31.615 1.571
17.462 31.637 1.571
17.462 31.640 1.571
17.462 31.643 1.571
17.462 31.646 1.571
17.462 31.649 1.571
17.462 31.651 1.571
17.462 31.654 1.571
17.462 31.657 1.571
17.462 31.660 1.571
17.462 31.663 1.571
17.462 31.685 1.571
17.462 31.707 1.571
17.462 31.729 1.571
17.462 31.751 1.571
17.462 31.774 1.571
17.462 31.796 1.571
17.462 31.818 1.571
17.462 31.840 1.571
17.462 31.863 1.571
17.462 31.865 1.571
17.462 31.868 1.571
17.462 31.871 1.571
17.462 31.874 1.571
17.462 31.876 1.571
17.462 31.879 1.571
17.462 31.882 1.571
17.462 31.885 1.571
17.462 31.887 1.571
17.462 31.890 1.571
17.462 31.893 1.571
17.462 31.896 1.571
17.462 31.899 1.571
17.462 31.901 1.571
17.462 31.904 1.571
17.462 31.907 1.571
17.462 31.910 1.571
17.462 31.913 1.571
17.462 31.915 1.571
17.462 31.918 1.571
17.462 31.921 1.571
17.462 31.924 1.571
17.462 31.926 1.571
17.462 31.929 1.571
17.462 31.932 1.571
17.462 31.935 1.571
17.462 31.938 1.571
17.462 31.940 1.571
17.462 31.943 1.571
17.462 31.946 1.571
17.462 31.949 1.571
17.462 31.951 1.571
17.462 31.954 1.571
17.462 31.957 1.571
17.462 31.960 1.571
17.462 31.963 1.571
17.462 31.965 1.571
17.462 31.968 1.571
17.462 31.971 1.571
17.462 31.974 1.571
17.462 31.976 1.571
17.462 31.979 1.571
17.462 31.982 1.571
17.462 31.985 1.571
17.462 31.988 1.571
17.462 31.990 1.571
17.462 31.993 1.571
17.462 31.996 1.571
17.462 31.999 1.571
17.462 32.001 1.571
17.462 32.004 1.571
17.462 32.007 1.571
17.462 32.010 1.571
17.462 32.013 1.571
17.462 32.015 1.571
17.462 32.018 1.571
17.462 32.021 1.571
17.462 32.024 1.571
17.462 32.026 1.571
17.462 32.029 1.571
17.462 32.032 1.571
17.462 32.035 1.571
17.462 32.038 1.571
17.462 32.040 1.571
17.462 32.043 1.571
17.462 32.046 1.571
17.462 32.049 1.571
17.462 32.051 1.571
17.462 32.054 1.571
17.462 32.057 1.571
17.462 32.060 1.571
17.462 32.063 1.571
17.462 32.085 1.571
17.462 32.107 1.571
17.462 32.129 1.571
17.462 32.151 1.571
17.462 32.174 1.571
17.462 32.196 1.571
17.462 32.218 1.571
17.462 32.240 1.571
17.462 32.263 1.571
17.462 32.285 1.571
17.462 32.307 1.571
17.462 32.329 1.571
17.462 32.351 1.571
17.462 32.374 1.571
17.462 32.396 1.571
17.462 32.418 1.571
17.462 32.440 1.571
17.462 32.463 1.571
17.462 32.485 1.571
17.462 32.507 1.571
17.462 32.529 1.571
17.462 32.551 1.571
17.462 32.574 1.571
17.462 32.596 1.571
17.462 32.618 1.571
17.462 32.640 1.571
17.462 32.663 1.571
17.462 32.685 1.571
17.462 32.707 1.571
17.462 32.729 1.571
17.462 32.751 1.571
17.462 32.774 1.571
17.462 32.796 1.571
17.462 32.818 1.571
17.462 32.840 1.571
17.462 32.863 1.571
17.462 32.885 1.571
17.462 32.907 1.571
17.462 32.929 1.571
17.462 32.951 1.571
17.462 32.974 1.571
17.462 32.996 1.571
17.462 33.018 1.571
17.462 33.040 1.571
17.462 33.063 1.571
17.462 33.085 1.571
17.462 33.107 1.571
17.462 33.129 1.571
17.462 33.151 1.571
17.462 33.174 1.571
17.462 33.196 1.571
17.462 33.218 1.571
17.462 33.240 1.571
17.462 33.263 1.571
17.462 33.285 1.571
17.462 33.307 1.571
17.462 33.329 1.571
17.462 33.351 1.571
17.462 33.374 1.571
17.462 33.396 1.571
17.462 33.418 1.571
17.462 33.440 1.571
17.462 33.463 1.571
17.462 33.485 1.571
17.462 33.507 1.571
17.462 33.529 1.571
17.462 33.551 1.571
17.462 33.574 1.571
17.462 33.596 1.571
17.462 33.618 1.571
17.462 33.640 1.571
17.462 33.663 1.571
17.462 33.685 1.571
17.462 33.707 1.571
17.462 33.729 1.571
17.462 33.751 1.571
17.462 33.774 1.571
17.462 33.796 1.571
17.462 33.818 1.571
17.462 33.840 1.571
17.462 33.863 1.571
17.462 33.885 1.571
17.462 33.907 1.571
17.462 33.929 1.571
17.462 33.951 1.571
17.462 33.974 1.571
17.462 33.996 1.571
17.462 34.018 1.571
17.462 34.040 1.571
17.462 34.063 1.571
17.462 34.085 1.571
17.462 34.107 1.571
17.462 34.129 1.571
17.462 34.151 1.571
17.462 34.174 1.571
17.462 34.196 1.571
17.462 34.218 1.571
17.462 34.240 1.571
17.462 34.263 1.571
17.462 34.285 1.571
17.462 34.307 1.571
17.462 34.329 1.571
17.462 34.351 1.571
17.462 34.374 1.571
17.462 34.396 1.571
17.462 34.418 1.571
17.462 34.440 1.571
17.462 34.463 1.571
17.462 34.485 1.571
17.462 34.507 1.571
17.462 34.529 1.571
17.462 34.551 1.571
17.462 34.574 1.571
17.462 34.596 1.571
17.462 34.618 1.571
17.462 34.640 1.571
17.462 34.663 1.571
17.462 34.685 1.571
17.462 34.707 1.571
17.462 34.729 1.571
17.462 34.751 1.571
17.462 34.774 1.571
17.462 34.796 1.571
17.462 34.818 1.571
17.462 34.840 1.571
17.462 34.863 1.571
17.462 34.885 1.571
17.462 34.907 1.571
17.462 34.929 1.571
17.462 34.951 1.571
17.462 34.974 1.571
17.462 34.996 1.571
17.462 35.018 1.571
17.462 35.040 1.571
17.462 35.063 1.571
17.462 35.065 1.571
17.462 35.068 1.571
17.462 35.071 1.571
17.462 35.074 1.571
17.462 35.076 1.571
17.462 35.079 1.571
17.462 35.082 1.571
17.462 35.085 1.571
17.462 35.088 1.571
17.462 35.090 1.571
17.462 35.093 1.571
17.462 35.096 1.571
17.462 35.099 1.571
17.462 35.101 1.571
17.462 35.104 1.571
17.462 35.107 1.571
17.462 35.110 1.571
17.462 35.113 1.571
17.462 35.115 1.571
17.462 35.118 1.571
17.462 35.121 1.571
17.462 35.124 1.571
17.462 35.126 1.571
17.462 35.129 1.571
17.462 35.132 1.571
17.462 35.135 1.571
17.462 35.138 1.571
17.462 35.140 1.571
17.462 35.143 1.571
17.462 35.146 1.571
17.462 35.149 1.571
17.462 35.151 1.571
17.462 35.154 1.571
17.462 35.157 1.571
17.462 35.160 1.571
17.462 35.163 1.571
17.462 35.165 1.571
17.462 35.168 1.571
17.462 35.171 1.571
17.462 35.174 1.571
17.462 35.176 1.571
17.462 35.179 1.571
17.462 35.182 1.571
17.462 35.185 1.571
17.462 35.188 1.571
17.462 35.210 1.571
17.462 35.233 1.571
17.462 35.255 1.571
17.463 35.278 1.522
17.465 35.300 1.453
17.468 35.323 1.384
17.473 35.345 1.316
17.480 35.366 1.247
17.488 35.388 1.178
17.485 35.382 1.178
17.482 35.376 1.178
17.479 35.371 1.178
17.476 35.365 1.178
17.474 35.360 1.178
17.471 35.354 1.178
17.468 35.349 1.178
17.465 35.343 1.178
17.462 35.338 1.178
17.470 35.356 1.178
17.478 35.375 1.178
17.486 35.394 1.178
17.494 35.413 1.197
17.500 35.432 1.272
17.506 35.452 1.347
17.509 35.472 1.421
17.512 35.492 1.496
17.512 35.513 1.571
17.512 35.515 1.571
17.512 35.518 1.571
17.512 35.521 1.571
17.512 35.524 1.571
17.512 35.526 1.571
17.512 35.529 1.571
17.512 35.532 1.571
17.512 35.535 1.571
17.512 35.538 1.571
17.512 35.540 1.571
17.512 35.543 1.571
17.512 35.546 1.571
17.512 35.549 1.571
17.512 35.551 1.571
17.512 35.554 1.571
17.512 35.557 1.571
17.512 35.560 1.571
17.512 35.563 1.571
17.512 35.565 1.571
17.512 35.568 1.571
17.512 35.571 1.571
17.512 35.574 1.571
17.512 35.576 1.571
17.512 35.579 1.571
17.512 35.582 1.571
17.512 35.585 1.571
17.512 35.588 1.571
17.512 35.590 1.571
17.512 35.593 1.571
17.512 35.596 1.571
17.512 35.599 1.571
17.512 35.601 1.571
17.512 35.604 1.571
17.512 35.607 1.571
17.512 35.610 1.571
17.512 35.613 1.571
17.512 35.635 1.571
17.512 35.658 1.571
17.512 35.680 1.571
17.513 35.703 1.522
17.515 35.725 1.453
17.518 35.748 1.384
17.523 35.770 1.316
17.530 35.791 1.247
17.538 35.813 1.178
17.546 35.829 1.178
17.554 35.846 1.178
17.562 35.863 1.178
17.571 35.879 1.178
17.579 35.896 1.178
17.588 35.913 1.178
17.596 35.929 1.178
17.604 35.946 1.178
17.613 35.963 1.178
17.621 35.979 1.178
17.629 35.996 1.178
17.637 36.013 1.178
17.646 36.029 1.178
17.654 36.046 1.178
17.663 36.063 1.178
17.671 36.079 1.178
17.679 36.096 1.178
17.688 36.113 1.178
17.696 36.129 1.178
17.704 36.146 1.178
17.712 36.163 1.178
17.721 36.179 1.178
17.729 36.196 1.178
17.738 36.213 1.178
17.746 36.229 1.178
17.754 36.246 1.178
17.762 36.263 1.178
17.771 36.279 1.178
17.779 36.296 1.178
17.787 36.312 1.178
17.796 36.329 1.178
17.804 36.346 1.178
17.812 36.363 1.178
17.821 36.379 1.178
17.829 36.396 1.178
17.837 36.413 1.178
17.846 36.429 1.178
17.854 36.446 1.178
17.862 36.462 1.178
17.871 36.479 1.178
17.879 36.496 1.178
17.887 36.513 1.178
17.896 36.529 1.178
17.904 36.546 1.178
17.913 36.563 1.178
17.921 36.579 1.178
17.929 36.596 1.178
17.938 36.613 1.178
17.946 36.629 1.178
17.954 36.646 1.178
17.963 36.663 1.178
17.971 36.679 1.178
17.979 36.696 1.178
17.988 36.713 1.178
17.996 36.729 1.178
18.004 36.746 1.178
18.012 36.763 1.178
18.021 36.779 1.178
18.029 36.796 1.178
18.038 36.813 1.178
18.046 36.829 1.178
18.054 36.846 1.178
18.062 36.863 1.178
18.071 36.879 1.178
18.079 36.896 1.178
18.087 36.913 1.178
18.096 36.929 1.178
18.104 36.946 1.178
18.113 36.963 1.178
18.121 36.979 1.178
18.129 36.996 1.178
18.137 37.013 1.178
18.146 37.029 1.178
18.154 37.046 1.178
18.162 37.062 1.178
18.171 37.079 1.178
18.179 37.096 1.178
18.188 37.113 1.178
18.196 37.129 1.178
18.204 37.146 1.178
18.212 37.163 1.178
18.221 37.179 1.178
18.229 37.196 1.178
18.237 37.212 1.178
18.246 37.229 1.178
18.254 37.246 1.178
18.262 37.263 1.178
18.271 37.279 1.178
18.279 37.296 1.178
18.288 37.313 1.178
18.296 37.329 1.178
18.304 37.346 1.178
18.312 37.363 1.178
18.321 37.379 1.178
18.329 37.396 1.178
18.338 37.413 1.178
18.346 37.429 1.178
18.354 37.446 1.178
18.363 37.463 1.178
18.371 37.479 1.178
18.379 37.496 1.178
18.387 37.513 1.178
18.396 37.529 1.178
18.404 37.546 1.178
18.413 37.563 1.178
18.421 37.579 1.178
18.429 37.596 1.178
18.438 37.613 1.178
18.446 37.629 1.178
18.454 37.646 1.178
18.462 37.663 1.178
18.471 37.679 1.178
18.479 37.696 1.178
18.488 37.713 1.178
18.496 37.729 1.178
18.504 37.746 1.178
18.512 37.763 1.178
18.521 37.779 1.178
18.529 37.796 1.178
18.537 37.812 1.178
18.546 37.829 1.178
18.554 37.846 1.178
18.562 37.863 1.178
18.571 37.879 1.178
18.579 37.896 1.178
18.587 37.913 1.178
18.596 37.929 1.178
18.604 37.946 1.178
18.612 37.962 1.178
18.621 37.979 1.178
18.629 37.996 1.178
18.637 38.013 1.178
18.646 38.029 1.178
18.654 38.046 1.178
18.663 38.063 1.178
18.671 38.079 1.178
18.679 38.096 1.178
18.688 38.113 1.178
18.696 38.129 1.178
18.704 38.146 1.178
18.713 38.163 1.178
18.721 38.179 1.178
18.729 38.196 1.178
18.738 38.213 1.178
18.746 38.229 1.178
18.754 38.246 1.178
18.762 38.263 1.178
18.771 38.279 1.178
18.779 38.296 1.178
18.788 38.313 1.178
18.796 38.329 1.178
18.804 38.346 1.178
18.812 38.363 1.178
18.821 38.379 1.178
18.829 38.396 1.178
18.837 38.413 1.178
18.846 38.429 1.178
18.854 38.446 1.178
18.863 38.463 1.178
18.871 38.479 1.178
18.879 38.496 1.178
18.887 38.513 1.178
18.896 38.529 1.178
18.904 38.546 1.178
18.912 38.562 1.178
18.921 38.579 1.178
18.929 38.596 1.178
18.938 38.613 1.178
18.946 38.629 1.178
18.954 38.646 1.178
18.962 38.663 1.178
18.971 38.679 1.178
18.979 38.696 1.178
18.987 38.713 1.178
18.996 38.729 1.178
19.004 38.746 1.178
19.012 38.763 1.178
19.021 38.779 1.178
19.029 38.796 1.178
19.038 38.813 1.178
19.046 38.829 1.178
19.054 38.846 1.178
19.062 38.863 1.178
19.071 38.879 1.178
19.079 38.896 1.178
19.088 38.913 1.178
19.096 38.929 1.178
19.104 38.946 1.178
19.113 38.963 1.178
19.121 38.979 1.178
19.129 38.996 1.178
19.137 39.013 1.178
19.146 39.029 1.178
19.154 39.046 1.178
19.163 39.063 1.178
19.171 39.079 1.178
19.179 39.096 1.178
19.188 39.113 1.178
19.196 39.129 1.178
19.204 39.146 1.178
19.212 39.163 1.178
19.221 39.179 1.178
19.229 39.196 1.178
19.238 39.213 1.178
19.246 39.229 1.178
19.254 39.246 1.178
19.262 39.263 1.178
19.271 39.279 1.178
19.279 39.296 1.178
19.287 39.312 1.178
19.296 39.329 1.178
19.304 39.346 1.178
19.312 39.363 1.178
19.321 39.379 1.178
19.329 39.396 1.178
19.338 39.413 1.178
19.346 39.429 1.178
19.354 39.446 1.178
19.363 39.463 1.178
19.371 39.479 1.178
19.379 39.496 1.178
19.388 39.513 1.178
19.396 39.529 1.178
19.404 39.546 1.178
19.413 39.563 1.178
19.421 39.579 1.178
19.429 39.596 1.178
19.438 39.613 1.178
19.446 39.629 1.178
19.454 39.646 1.178
19.463 39.663 1.178
19.471 39.679 1.178
19.479 39.696 1.178
19.488 39.713 1.178
19.496 39.729 1.178
19.504 39.746 1.178
19.512 39.763 1.178
19.521 39.779 1.178
19.529 39.796 1.178
19.538 39.813 1.178
19.546 39.829 1.178
19.554 39.846 1.178
19.562 39.863 1.178
19.571 39.879 1.178
19.579 39.896 1.178
19.587 39.913 1.178
19.596 39.929 1.178
19.604 39.946 1.178
19.613 39.963 1.178
19.621 39.979 1.178
19.629 39.996 1.178
19.637 40.013 1.178
19.646 40.029 1.178
19.654 40.046 1.178
19.662 40.062 1.178
19.671 40.079 1.178
19.679 40.096 1.178
19.688 40.113 1.178
19.696 40.129 1.178
19.704 40.146 1.178
19.713 40.163 1.178
19.721 40.179 1.178
19.729 40.196 1.178
19.738 40.213 1.178
19.746 40.229 1.178
19.754 40.246 1.178
19.763 40.263 1.178
19.771 40.279 1.178
19.779 40.296 1.178
19.788 40.313 1.178
19.796 40.329 1.178
19.804 40.346 1.178
19.812 40.363 1.178
19.821 40.379 1.178
19.829 40.396 1.178
19.838 40.413 1.178
19.846 40.429 1.178
19.854 40.446 1.178
19.863 40.463 1.178
19.871 40.479 1.178
19.879 40.496 1.178
19.887 40.513 1.178
19.896 40.529 1.178
19.904 40.546 1.178
19.913 40.563 1.178
19.921 40.579 1.178
19.929 40.596 1.178
19.938 40.613 1.178
19.946 40.629 1.178
19.954 40.646 1.178
19.962 40.663 1.178
19.971 40.679 1.178
19.979 40.696 1.178
19.988 40.713 1.178
19.996 40.729 1.178
20.004 40.746 1.178
20.012 40.763 1.178
20.021 40.779 1.178
20.029 40.796 1.178
20.037 40.812 1.178
20.046 40.829 1.178
20.054 40.846 1.178
20.062 40.863 1.178
20.071 40.879 1.178
20.079 40.896 1.178
20.088 40.913 1.178
20.096 40.929 1.178
20.104 40.946 1.178
20.113 40.963 1.178
20.121 40.979 1.178
20.129 40.996 1.178
20.138 41.013 1.178
20.146 41.029 1.178
20.154 41.046 1.178
20.163 41.063 1.178
20.172 41.077 1.148
20.181 41.092 1.117
20.192 41.107 1.087
20.202 41.121 1.057
20.213 41.135 1.027
20.225 41.148 0.996
20.237 41.162 0.966
20.250 41.175 0.936
20.262 41.188 0.785
20.279 41.204 0.785
20.296 41.221 0.785
20.312 41.238 0.785
20.329 41.254 0.785
20.346 41.271 0.785
20.363 41.288 0.785
20.379 41.304 0.785
20.396 41.321 0.785
20.413 41.338 0.785
20.429 41.354 0.785
20.446 41.371 0.785
20.463 41.388 0.785
20.479 41.404 0.785
20.496 41.421 0.785
20.513 41.438 0.785
20.529 41.454 0.785
20.546 41.471 0.785
20.562 41.488 0.785
20.579 41.504 0.785
20.596 41.521 0.785
20.613 41.538 0.785
20.629 41.554 0.785
20.646 41.571 0.785
20.663 41.588 0.785
20.679 41.604 0.785
20.696 41.621 0.785
20.713 41.638 0.785
20.729 41.654 0.785
20.746 41.671 0.785
20.763 41.688 0.785
20.779 41.704 0.785
20.796 41.721 0.785
20.813 41.738 0.785
20.829 41.754 0.785
20.846 41.771 0.785
20.863 41.788 0.785
20.879 41.804 0.785
20.896 41.821 0.785
20.913 41.838 0.785
20.929 41.854 0.785
20.946 41.871 0.785
20.963 41.888 0.785
20.979 41.904 0.785
20.996 41.921 0.785
21.012 41.938 0.785
21.029 41.955 0.785
21.047 41.971 0.756
21.065 41.988 0.704
21.083 42.003 0.652
21.103 42.017 0.600
21.123 42.030 0.548
21.144 42.042 0.496
21.165 42.053 0.445
21.188 42.063 0.393
21.204 42.071 0.393
21.221 42.079 0.393
21.238 42.088 0.393
21.254 42.096 0.393
21.271 42.104 0.393
21.288 42.113 0.393
21.304 42.121 0.393
21.321 42.129 0.393
21.338 42.138 0.393
21.354 42.146 0.393
21.371 42.154 0.393
21.388 42.163 0.393
21.404 42.171 0.393
21.421 42.179 0.393
21.438 42.188 0.393
21.454 42.196 0.393
21.471 42.204 0.393
21.488 42.213 0.393
21.504 42.221 0.393
21.521 42.229 0.393
21.538 42.238 0.393
21.554 42.246 0.393
21.571 42.254 0.393
21.588 42.263 0.393
21.604 42.271 0.393
21.621 42.279 0.393
21.637 42.288 0.393
21.654 42.296 0.393
21.671 42.304 0.393
21.688 42.313 0.393
21.704 42.321 0.393
21.721 42.329 0.393
21.738 42.338 0.393
21.754 42.346 0.393
21.771 42.354 0.393
21.788 42.363 0.393
21.804 42.371 0.393
21.821 42.379 0.393
21.838 42.388 0.393
21.854 42.396 0.393
21.871 42.404 0.393
21.888 42.413 0.393
21.904 42.421 0.393
21.921 42.429 0.393
21.938 42.438 0.393
21.954 42.446 0.393
21.971 42.454 0.393
21.988 42.463 0.393
22.004 42.471 0.393
22.021 42.479 0.393
22.038 42.488 0.393
22.054 42.496 0.393
22.071 42.504 0.393
22.088 42.513 0.393
22.104 42.521 0.393
22.121 42.529 0.393
22.138 42.538 0.393
22.154 42.546 0.393
22.171 42.554 0.393
22.188 42.562 0.393
22.204 42.571 0.393
22.221 42.579 0.393
22.238 42.588 0.393
22.254 42.596 0.393
22.271 42.604 0.393
22.288 42.613 0.393
22.304 42.621 0.393
22.321 42.629 0.393
22.338 42.638 0.393
22.354 42.646 0.393
22.371 42.654 0.393
22.387 42.663 0.393
22.404 42.671 0.393
22.421 42.679 0.393
22.438 42.688 0.393
22.454 42.696 0.393
22.471 42.704 0.393
22.488 42.713 0.393
22.504 42.721 0.393
22.521 42.729 0.393
22.538 42.738 0.393
22.554 42.746 0.393
22.571 42.754 0.393
22.588 42.763 0.393
22.604 42.771 0.393
22.621 42.779 0.393
22.638 42.788 0.393
22.654 42.796 0.393
22.671 42.804 0.393
22.688 42.813 0.393
22.704 42.821 0.393
22.721 42.829 0.393
22.738 42.838 0.393
22.754 42.846 0.393
22.771 42.854 0.393
22.788 42.863 0.393
22.804 42.871 0.393
22.821 42.879 0.393
22.838 42.888 0.393
22.854 42.896 0.393
22.871 42.904 0.393
22.888 42.913 0.393
22.904 42.921 0.393
22.921 42.929 0.393
22.938 42.938 0.393
22.954 42.946 0.393
22.971 42.954 0.393
22.988 42.963 0.393
23.004 42.971 0.393
23.021 42.979 0.393
23.038 42.988 0.393
23.054 42.996 0.393
23.071 43.004 0.393
23.088 43.013 0.393
23.104 43.021 0.393
23.121 43.029 0.393
23.137 43.038 0.393
23.154 43.046 0.393
23.171 43.054 0.393
23.188 43.063 0.393
23.204 43.071 0.393
23.221 43.079 0.393
23.238 43.088 0.393
23.254 43.096 0.393
23.271 43.104 0.393
23.288 43.113 0.393
23.306 43.120 0.393
23.325 43.128 0.393
23.344 43.136 0.393
23.363 43.144 0.374
23.382 43.150 0.299
23.402 43.156 0.224
23.422 43.160 0.149
23.442 43.162 0.075
23.463 43.163 0.000
23.485 43.163 0.000
23.507 43.163 0.000
23.529 43.163 0.000
23.551 43.163 0.000
23.574 43.163 0.000
23.596 43.163 0.000
23.618 43.163 0.000
23.640 43.163 0.000
23.663 43.163 0.000
23.685 43.163 0.000
23.707 43.163 0.000
23.729 43.163 0.000
23.751 43.163 0.000
23.774 43.163 0.000
23.796 43.163 0.000
23.818 43.163 0.000
23.840 43.163 0.000
23.863 43.163 0.000
23.885 43.163 0.000
23.907 43.163 0.000
23.929 43.163 0.000
23.951 43.163 0.000
23.974 43.163 0.000
23.996 43.163 0.000
24.018 43.163 0.000
24.040 43.163 0.000
24.062 43.163 0.000
24.085 43.163 0.000
24.107 43.163 0.000
24.129 43.163 0.000
24.151 43.163 0.000
24.174 43.163 0.000
24.196 43.163 0.000
24.218 43.163 0.000
24.240 43.163 0.000
24.262 43.163 0.000
24.285 43.163 0.000
24.307 43.163 0.000
24.329 43.163 0.000
24.351 43.163 0.000
24.374 43.163 0.000
24.396 43.163 0.000
24.418 43.163 0.000
24.440 43.163 0.000
24.463 43.163 0.000
24.485 43.163 0.000
24.507 43.163 0.000
24.529 43.163 0.000
24.551 43.163 0.000
24.574 43.163 0.000
24.596 43.163 0.000
24.618 43.163 0.000
24.640 43.163 0.000
24.663 43.163 0.000
24.685 43.163 0.000
24.707 43.163 0.000
24.729 43.163 0.000
24.751 43.163 0.000
24.774 43.163 0.000
24.796 43.163 0.000
24.818 43.163 0.000
24.840 43.163 0.000
24.863 43.163 0.000
24.885 43.163 0.000
24.907 43.163 0.000
24.929 43.163 0.000
24.951 43.163 0.000
24.974 43.163 0.000
24.996 43.163 0.000
25.018 43.163 0.000
25.040 43.163 0.000
25.062 43.163 0.000
25.085 43.163 0.000
25.107 43.163 0.000
25.129 43.163 0.000
25.151 43.163 0.000
25.174 43.163 0.000
25.196 43.163 0.000
25.218 43.163 0.000
25.240 43.163 0.000
25.262 43.163 0.000
25.285 43.163 0.000
25.308 43.163 0.000
25.330 43.163 0.000
25.353 43.162 6.234
25.375 43.160 6.166
25.398 43.157 6.097
25.420 43.152 6.028
25.441 43.145 5.959
25.463 43.138 5.891
25.479 43.129 5.891
25.496 43.121 5.891
25.513 43.113 5.891
25.529 43.104 5.891
25.546 43.096 5.891
25.563 43.088 5.891
25.579 43.079 5.891
25.596 43.071 5.891
25.613 43.063 5.891
25.629 43.054 5.891
25.646 43.046 5.891
25.663 43.038 5.891
25.679 43.029 5.891
25.696 43.021 5.891
25.713 43.013 5.891
25.729 43.004 5.891
25.746 42.996 5.891
25.762 42.988 5.891
25.779 42.979 5.891
25.796 42.971 5.891
25.812 42.963 5.891
25.829 42.954 5.891
25.846 42.946 5.891
25.863 42.938 5.891
25.879 42.929 5.891
25.896 42.921 5.891
25.913 42.913 5.891
25.929 42.904 5.891
25.946 42.896 5.891
25.963 42.888 5.891
25.979 42.879 5.891
25.996 42.871 5.891
26.013 42.863 5.891
26.029 42.854 5.891
26.046 42.846 5.891
26.062 42.838 5.891
26.079 42.829 5.891
26.096 42.821 5.891
26.113 42.813 5.891
26.129 42.804 5.891
26.146 42.796 5.891
26.163 42.788 5.891
26.179 42.779 5.891
26.196 42.771 5.891
26.213 42.763 5.891
26.229 42.754 5.891
26.246 42.746 5.891
26.263 42.738 5.891
26.279 42.729 5.891
26.296 42.721 5.891
26.313 42.713 5.891
26.329 42.704 5.891
26.346 42.696 5.891
26.363 42.688 5.891
26.379 42.679 5.891
26.396 42.671 5.891
26.413 42.663 5.891
26.429 42.654 5.891
26.446 42.646 5.891
26.463 42.638 5.891
26.479 42.629 5.891
26.496 42.621 5.891
26.512 42.613 5.891
26.518 42.610 5.891
26.524 42.607 5.891
26.529 42.604 5.891
26.535 42.601 5.891
26.540 42.599 5.891
26.546 42.596 5.891
26.551 42.593 5.891
26.557 42.590 5.891
26.562 42.588 5.891
26.568 42.585 5.891
26.574 42.582 5.891
26.579 42.579 5.891
26.585 42.576 5.891
26.590 42.574 5.891
26.596 42.571 5.891
26.601 42.568 5.891
26.607 42.565 5.891
26.613 42.563 5.891
26.631 42.555 5.891
26.650 42.547 5.891
26.669 42.539 5.891
26.688 42.531 5.910
26.707 42.525 5.984
26.727 42.519 6.059
26.747 42.516 6.134
26.767 42.513 6.208
26.788 42.513 0.000
26.810 42.513 0.000
26.832 42.513 0.000
26.854 42.513 0.000
26.876 42.513 0.000
26.899 42.513 0.000
26.921 42.513 0.000
26.943 42.513 0.000
26.965 42.513 0.000
26.988 42.513 0.000
27.010 42.513 0.000
27.032 42.513 0.000
27.054 42.513 0.000
27.076 42.513 0.000
27.099 42.513 0.000
27.121 42.513 0.000
27.143 42.513 0.000
27.165 42.513 0.000
27.188 42.513 0.000
27.210 42.513 0.000
27.232 42.513 0.000
27.254 42.513 0.000
27.276 42.513 0.000
27.299 42.513 0.000
27.321 42.513 0.000
27.343 42.513 0.000
27.365 42.513 0.000
27.387 42.513 0.000
27.410 42.513 0.000
27.432 42.513 0.000
27.454 42.513 0.000
27.476 42.513 0.000
27.499 42.513 0.000
27.521 42.513 0.000
27.543 42.513 0.000
27.565 42.513 0.000
27.588 42.513 0.000
27.610 42.513 0.000
27.632 42.513 0.000
27.654 42.513 0.000
27.676 42.513 0.000
27.699 42.513 0.000
27.721 42.513 0.000
27.743 42.513 0.000
27.765 42.513 0.000
27.788 42.513 0.000
27.810 42.513 0.000
27.832 42.513 0.000
27.854 42.513 0.000
27.876 42.513 0.000
27.899 42.513 0.000
27.921 42.513 0.000
27.943 42.513 0.000
27.965 42.513 0.000
27.988 42.513 0.000
28.010 42.513 0.000
28.032 42.513 0.000
28.054 42.513 0.000
28.076 42.513 0.000
28.099 42.513 0.000
28.121 42.513 0.000
28.143 42.513 0.000
28.165 42.513 0.000
28.188 42.513 0.000
28.190 42.513 0.000
28.193 42.513 0.000
28.196 42.513 0.000
28.199 42.513 0.000
28.201 42.513 0.000
28.204 42.513 0.000
28.207 42.513 0.000
28.210 42.513 0.000
28.213 42.513 0.000
28.215 42.513 0.000
28.218 42.513 0.000
28.221 42.513 0.000
28.224 42.513 0.000
28.226 42.513 0.000
28.229 42.513 0.000
28.232 42.513 0.000
28.235 42.513 0.000
28.238 42.513 0.000
28.240 42.513 0.000
28.243 42.513 0.000
28.246 42.513 0.000
28.249 42.513 0.000
28.251 42.513 0.000
28.254 42.513 0.000
28.257 42.513 0.000
28.260 42.513 0.000
28.262 42.513 0.000
28.265 42.513 0.000
28.268 42.513 0.000
28.271 42.513 0.000
28.274 42.513 0.000
28.276 42.513 0.000
28.279 42.513 0.000
28.282 42.513 0.000
28.285 42.513 0.000
28.288 42.513 0.000
28.290 42.513 0.000
28.293 42.513 0.000
28.296 42.513 0.000
28.299 42.513 0.000
28.301 42.513 0.000
28.304 42.513 0.000
28.307 42.513 0.000
28.310 42.513 0.000
28.312 42.513 0.000
28.335 42.513 0.000
28.357 42.513 0.000
28.379 42.513 0.000
28.401 42.513 0.000
28.424 42.513 0.000
28.446 42.513 0.000
28.468 42.513 0.000
28.490 42.513 0.000
28.512 42.513 0.000
28.515 42.513 0.000
28.518 42.513 0.000
28.521 42.513 0.000
28.524 42.513 0.000
28.526 42.513 0.000
28.529 42.513 0.000
28.532 42.513 0.000
28.535 42.513 0.000
28.538 42.513 0.000
28.560 42.513 0.000
28.582 42.513 0.000
28.604 42.513 0.000
28.626 42.513 0.000
28.649 42.513 0.000
28.671 42.513 0.000
28.693 42.513 0.000
28.715 42.513 0.000
28.738 42.513 0.000
28.760 42.513 0.000
28.782 42.513 0.000
28.804 42.513 0.000
28.826 42.513 0.000
28.849 42.513 0.000
28.871 42.513 0.000
28.893 42.513 0.000
28.915 42.513 0.000
28.938 42.513 0.000
28.960 42.513 0.000
28.982 42.513 0.000
29.004 42.513 0.000
29.026 42.513 0.000
29.049 42.513 0.000
29.071 42.513 0.000
29.093 42.513 0.000
29.115 42.513 0.000
29.137 42.513 0.000
29.140 42.513 0.000
29.143 42.513 0.000
29.146 42.513 0.000
29.149 42.513 0.000
29.151 42.513 0.000
29.154 42.513 0.000
29.157 42.513 0.000
29.160 42.513 0.000
29.163 42.513 0.000
29.165 42.513 0.000
29.168 42.513 0.000
29.171 42.513 0.000
29.174 42.513 0.000
29.176 42.513 0.000
29.179 42.513 0.000
29.182 42.513 0.000
29.185 42.513 0.000
29.188 42.513 0.000
29.190 42.513 0.000
29.193 42.513 0.000
29.196 42.513 0.000
29.199 42.513 0.000
29.201 42.513 0.000
29.204 42.513 0.000
29.207 42.513 0.000
29.210 42.513 0.000
29.213 42.513 0.000
29.235 42.513 0.000
29.258 42.513 0.000
29.280 42.513 0.000
29.303 42.513 0.049
29.325 42.515 0.118
29.348 42.518 0.186
29.370 42.523 0.255
29.391 42.530 0.324
29.413 42.538 0.393
29.429 42.546 0.393
29.446 42.554 0.393
29.463 42.563 0.393
29.479 42.571 0.393
29.496 42.579 0.393
29.513 42.588 0.393
29.529 42.596 0.393
29.546 42.604 0.393
29.562 42.613 0.393
29.579 42.621 0.393
29.596 42.629 0.393
29.613 42.638 0.393
29.629 42.646 0.393
29.646 42.654 0.393
29.663 42.663 0.393
29.679 42.671 0.393
29.696 42.679 0.393
29.713 42.688 0.393
29.718 42.690 0.393
29.724 42.693 0.393
29.729 42.696 0.393
29.735 42.699 0.393
29.740 42.701 0.393
29.746 42.704 0.393
29.751 42.707 0.393
29.757 42.710 0.393
29.762 42.713 0.393
29.768 42.715 0.393
29.774 42.718 0.393
29.779 42.721 0.393
29.785 42.724 0.393
29.790 42.726 0.393
29.796 42.729 0.393
29.801 42.732 0.393
29.807 42.735 0.393
29.812 42.738 0.393
29.827 42.747 0.423
29.842 42.756 0.453
29.857 42.767 0.484
29.871 42.777 0.514
29.885 42.788 0.544
29.898 42.800 0.575
29.912 42.812 0.605
29.925 42.825 0.635
29.938 42.838 0.785
29.954 42.854 0.785
29.971 42.871 0.785
29.988 42.888 0.785
30.004 42.904 0.785
30.021 42.921 0.785
30.038 42.938 0.785
30.054 42.954 0.785
30.071 42.971 0.785
30.088 42.988 0.785
30.090 42.990 0.785
30.093 42.993 0.785
30.096 42.996 0.785
30.099 42.999 0.785
30.101 43.001 0.785
30.104 43.004 0.785
30.107 43.007 0.785
30.110 43.010 0.785
30.113 43.013 0.785
30.115 43.015 0.785
30.118 43.018 0.785
30.121 43.021 0.785
30.124 43.024 0.785
30.126 43.026 0.785
30.129 43.029 0.785
30.132 43.032 0.785
30.135 43.035 0.785
30.137 43.038 0.785
30.140 43.040 0.785
30.143 43.043 0.785
30.146 43.046 0.785
30.149 43.049 0.785
30.151 43.051 0.785
30.154 43.054 0.785
30.157 43.057 0.785
30.160 43.060 0.785
30.163 43.063 0.785
30.165 43.065 0.785
30.168 43.068 0.785
30.171 43.071 0.785
30.174 43.074 0.785
30.176 43.076 0.785
30.179 43.079 0.785
30.182 43.082 0.785
30.185 43.085 0.785
30.188 43.088 0.785
30.204 43.105 0.785
30.221 43.122 0.815
30.238 43.140 0.867
30.253 43.158 0.919
30.267 43.178 0.971
30.280 43.198 1.022
30.292 43.219 1.074
30.303 43.241 1.126
30.312 43.263 1.178
30.321 43.279 1.178
30.329 43.296 1.178
30.337 43.312 1.178
30.346 43.329 1.178
30.354 43.346 1.178
30.363 43.363 1.178
30.371 43.379 1.178
30.379 43.396 1.178
30.387 43.413 1.178
30.396 43.429 1.178
30.404 43.446 1.178
30.412 43.463 1.178
30.421 43.479 1.178
30.429 43.496 1.178
30.438 43.513 1.178
30.446 43.529 1.178
30.454 43.546 1.178
30.463 43.563 1.178
30.471 43.579 1.178
30.479 43.596 1.178
30.488 43.613 1.178
30.496 43.629 1.178
30.504 43.646 1.178
30.513 43.663 1.178
30.521 43.679 1.178
30.529 43.696 1.178
30.538 43.713 1.178
30.546 43.729 1.178
30.554 43.746 1.178
30.562 43.763 1.178
30.571 43.779 1.178
30.579 43.796 1.178
30.588 43.813 1.178
30.596 43.829 1.178
30.604 43.846 1.178
30.613 43.863 1.178
30.621 43.879 1.178
30.629 43.896 1.178
30.637 43.913 1.178
30.646 43.929 1.178
30.654 43.946 1.178
30.663 43.963 1.178
30.671 43.979 1.178
30.679 43.996 1.178
30.688 44.013 1.178
30.696 44.029 1.178
30.704 44.046 1.178
30.712 44.062 1.178
30.721 44.079 1.178
30.729 44.096 1.178
30.738 44.113 1.178
30.746 44.129 1.178
30.754 44.146 1.178
30.762 44.163 1.178
30.765 44.168 1.178
30.768 44.174 1.178
30.771 44.179 1.178
30.774 44.185 1.178
30.776 44.190 1.178
30.779 44.196 1.178
30.782 44.201 1.178
30.785 44.207 1.178
30.788 44.213 1.178
30.795 44.231 1.178
30.803 44.250 1.178
30.811 44.269 1.178
30.819 44.288 1.197
30.825 44.307 1.272
30.831 44.327 1.347
30.835 44.347 1.421
30.837 44.367 1.496
30.838 44.388 1.571
30.838 44.390 1.571
30.838 44.393 1.571
30.838 44.396 1.571
30.838 44.399 1.571
30.838 44.401 1.571
30.838 44.404 1.571
30.838 44.407 1.571
30.838 44.410 1.571
30.838 44.413 1.571
30.838 44.415 1.571
30.838 44.418 1.571
30.838 44.421 1.571
30.838 44.424 1.571
30.838 44.426 1.571
30.838 44.429 1.571
30.838 44.432 1.571
30.838 44.435 1.571
30.838 44.438 1.571
30.838 44.440 1.571
30.838 44.443 1.571
30.838 44.446 1.571
30.838 44.449 1.571
30.838 44.451 1.571
30.838 44.454 1.571
30.838 44.457 1.571
30.838 44.460 1.571
30.838 44.463 1.571
30.838 44.465 1.571
30.838 44.468 1.571
30.838 44.471 1.571
30.838 44.474 1.571
30.838 44.476 1.571
30.838 44.479 1.571
30.838 44.482 1.571
30.838 44.485 1.571
30.838 44.488 1.571
30.838 44.490 1.571
30.838 44.493 1.571
30.838 44.496 1.571
30.838 44.499 1.571
30.838 44.501 1.571
30.838 44.504 1.571
30.838 44.507 1.571
30.838 44.510 1.571
30.838 44.513 1.571
30.838 44.535 1.571
30.838 44.558 1.571
30.838 44.580 1.571
30.838 44.603 1.522
30.840 44.625 1.453
30.843 44.648 1.384
30.848 44.670 1.316
30.855 44.691 1.247
30.863 44.713 1.178
30.871 44.729 1.178
30.879 44.746 1.178
30.887 44.763 1.178
30.896 44.779 1.178
30.904 44.796 1.178
30.913 44.813 1.178
30.921 44.829 1.178
30.929 44.846 1.178
30.938 44.863 1.178
30.946 44.879 1.178
30.954 44.896 1.178
30.962 44.913 1.178
30.971 44.929 1.178
30.979 44.946 1.178
30.988 44.963 1.178
30.996 44.979 1.178
31.004 44.996 1.178
31.012 45.013 1.178
31.021 45.029 1.178
31.029 45.046 1.178
31.037 45.062 1.178
31.046 45.079 1.178
31.054 45.096 1.178
31.062 45.113 1.178
31.071 45.129 1.178
31.079 45.146 1.178
31.088 45.163 1.178
31.096 45.179 1.178
31.104 45.196 1.178
31.113 45.213 1.178
31.121 45.229 1.178
31.129 45.246 1.178
31.138 45.263 1.178
31.146 45.279 1.178
31.154 45.296 1.178
31.163 45.313 1.178
31.171 45.329 1.178
31.179 45.346 1.178
31.188 45.363 1.178
31.196 45.379 1.178
31.204 45.396 1.178
31.213 45.413 1.178
31.221 45.429 1.178
31.229 45.446 1.178
31.238 45.463 1.178
31.246 45.479 1.178
31.254 45.496 1.178
31.262 45.513 1.178
31.271 45.529 1.178
31.279 45.546 1.178
31.288 45.563 1.178
31.296 45.579 1.178
31.304 45.596 1.178
31.312 45.613 1.178
31.321 45.629 1.178
31.329 45.646 1.178
31.337 45.663 1.178
31.346 45.679 1.178
31.354 45.696 1.178
31.363 45.713 1.178
31.371 45.729 1.178
31.379 45.746 1.178
31.387 45.763 1.178
31.396 45.779 1.178
31.404 45.796 1.178
31.412 45.812 1.178
31.421 45.829 1.178
31.429 45.846 1.178
31.438 45.863 1.178
31.446 45.879 1.178
31.454 45.896 1.178
31.463 45.913 1.178
31.471 45.929 1.178
31.479 45.946 1.178
31.488 45.963 1.178
31.496 45.979 1.178
31.504 45.996 1.178
31.513 46.013 1.178
31.521 46.029 1.178
31.529 46.046 1.178
31.538 46.063 1.178
31.547 46.077 1.148
31.556 46.092 1.117
31.567 46.107 1.087
31.577 46.121 1.057
31.588 46.135 1.027
31.600 46.148 0.996
31.612 46.162 0.966
31.625 46.175 0.936
31.637 46.188 0.785
31.654 46.204 0.785
31.671 46.221 0.785
31.688 46.238 0.785
31.704 46.254 0.785
31.721 46.271 0.785
31.738 46.288 0.785
31.754 46.304 0.785
31.771 46.321 0.785
31.788 46.338 0.785
31.804 46.354 0.785
31.821 46.371 0.785
31.838 46.388 0.785
31.854 46.404 0.785
31.871 46.421 0.785
31.888 46.438 0.785
31.904 46.454 0.785
31.921 46.471 0.785
31.938 46.488 0.785
31.940 46.490 0.785
31.943 46.493 0.785
31.946 46.496 0.785
31.949 46.499 0.785
31.951 46.501 0.785
31.954 46.504 0.785
31.957 46.507 0.785
31.960 46.510 0.785
31.963 46.513 0.785
31.965 46.515 0.785
31.968 46.518 0.785
31.971 46.521 0.785
31.974 46.524 0.785
31.976 46.526 0.785
31.979 46.529 0.785
31.982 46.532 0.785
31.985 46.535 0.785
31.988 46.538 0.785
32.005 46.555 0.785
32.022 46.571 0.756
32.040 46.588 0.704
32.058 46.603 0.652
32.078 46.617 0.600
32.098 46.630 0.548
32.119 46.642 0.496
32.141 46.653 0.445
32.163 46.663 0.393
32.179 46.671 0.393
32.196 46.679 0.393
32.212 46.688 0.393
32.229 46.696 0.393
32.246 46.704 0.393
32.263 46.713 0.393
32.279 46.721 0.393
32.296 46.729 0.393
32.313 46.738 0.393
32.329 46.746 0.393
32.346 46.754 0.393
32.363 46.763 0.393
32.379 46.771 0.393
32.396 46.779 0.393
32.413 46.788 0.393
32.429 46.796 0.393
32.446 46.804 0.393
32.463 46.813 0.393
32.479 46.821 0.393
32.496 46.829 0.393
32.513 46.838 0.393
32.529 46.846 0.393
32.546 46.854 0.393
32.563 46.863 0.393
32.579 46.871 0.393
32.596 46.879 0.393
32.613 46.888 0.393
32.629 46.896 0.393
32.646 46.904 0.393
32.663 46.913 0.393
32.679 46.921 0.393
32.696 46.929 0.393
32.713 46.938 0.393
32.729 46.946 0.393
32.746 46.954 0.393
32.763 46.963 0.393
32.777 46.972 0.423
32.792 46.981 0.453
32.806 46.992 0.484
32.821 47.002 0.514
32.835 47.013 0.544
32.848 47.025 0.575
32.862 47.037 0.605
32.875 47.050 0.635
32.888 47.063 0.785
32.904 47.079 0.785
32.921 47.096 0.785
32.938 47.113 0.785
32.954 47.129 0.785
32.971 47.146 0.785
32.988 47.163 0.785
33.004 47.179 0.785
33.021 47.196 0.785
33.038 47.213 0.785
33.054 47.229 0.785
33.071 47.246 0.785
33.087 47.263 0.785
33.104 47.279 0.785
33.121 47.296 0.785
33.138 47.313 0.785
33.154 47.329 0.785
33.171 47.346 0.785
33.188 47.363 0.785
33.190 47.365 0.785
33.193 47.368 0.785
33.196 47.371 0.785
33.199 47.374 0.785
33.201 47.376 0.785
33.204 47.379 0.785
33.207 47.382 0.785
33.210 47.385 0.785
33.213 47.388 0.785
33.230 47.405 0.785
33.246 47.422 0.815
33.263 47.440 0.867
33.278 47.458 0.919
33.292 47.478 0.971
33.305 47.498 1.022
33.317 47.519 1.074
33.328 47.541 1.126
33.338 47.563 1.178
33.346 47.579 1.178
33.354 47.596 1.178
33.363 47.613 1.178
33.371 47.629 1.178
33.379 47.646 1.178
33.388 47.663 1.178
33.396 47.679 1.178
33.404 47.696 1.178
33.413 47.713 1.178
33.421 47.729 1.178
33.429 47.746 1.178
33.438 47.763 1.178
33.446 47.779 1.178
33.454 47.796 1.178
33.462 47.813 1.178
33.471 47.829 1.178
33.479 47.846 1.178
33.488 47.863 1.178
33.496 47.879 1.178
33.504 47.896 1.178
33.513 47.913 1.178
33.521 47.929 1.178
33.529 47.946 1.178
33.538 47.963 1.178
33.546 47.979 1.178
33.554 47.996 1.178
33.563 48.013 1.178
33.571 48.029 1.178
33.579 48.046 1.178
33.588 48.062 1.178
33.596 48.079 1.178
33.604 48.096 1.178
33.613 48.113 1.178
33.621 48.129 1.178
33.629 48.146 1.178
33.638 48.163 1.178
33.646 48.179 1.178
33.654 48.196 1.178
33.663 48.213 1.178
33.671 48.229 1.178
33.679 48.246 1.178
33.688 48.263 1.178
33.696 48.279 1.178
33.704 48.296 1.178
33.713 48.313 1.178
33.721 48.329 1.178
33.729 48.346 1.178
33.738 48.363 1.178
33.746 48.379 1.178
33.754 48.396 1.178
33.763 48.413 1.178
33.771 48.429 1.178
33.779 48.446 1.178
33.788 48.463 1.178
33.796 48.479 1.178
33.804 48.496 1.178
33.812 48.513 1.178
33.821 48.529 1.178
33.829 48.546 1.178
33.837 48.563 1.178
33.846 48.579 1.178
33.854 48.596 1.178
33.863 48.613 1.178
33.871 48.629 1.178
33.879 48.646 1.178
33.888 48.663 1.178
33.896 48.679 1.178
33.904 48.696 1.178
33.913 48.713 1.178
33.921 48.729 1.178
33.929 48.746 1.178
33.938 48.763 1.178
33.946 48.779 1.178
33.954 48.796 1.178
33.963 48.812 1.178
33.971 48.829 1.178
33.979 48.846 1.178
33.988 48.863 1.178
33.996 48.879 1.178
34.004 48.896 1.178
34.013 48.913 1.178
34.021 48.929 1.178
34.029 48.946 1.178
34.038 48.963 1.178
34.046 48.979 1.178
34.054 48.996 1.178
34.062 49.013 1.178
34.071 49.029 1.178
34.079 49.046 1.178
34.088 49.063 1.178
34.096 49.079 1.178
34.104 49.096 1.178
34.113 49.113 1.178
34.121 49.129 1.178
34.129 49.146 1.178
34.138 49.163 1.178
34.146 49.179 1.178
34.154 49.196 1.178
34.163 49.213 1.178
34.171 49.229 1.178
34.179 49.246 1.178
34.188 49.263 1.178
34.196 49.279 1.178
34.204 49.296 1.178
34.212 49.313 1.178
34.221 49.329 1.178
34.229 49.346 1.178
34.238 49.363 1.178
34.246 49.379 1.178
34.254 49.396 1.178
34.263 49.413 1.178
34.271 49.429 1.178
34.279 49.446 1.178
34.288 49.463 1.178
34.296 49.479 1.178
34.304 49.496 1.178
34.313 49.513 1.178
34.321 49.529 1.178
34.329 49.546 1.178
34.338 49.562 1.178
34.346 49.579 1.178
34.354 49.596 1.178
34.363 49.613 1.178
34.371 49.629 1.178
34.379 49.646 1.178
34.388 49.663 1.178
34.390 49.668 1.178
34.393 49.674 1.178
34.396 49.679 1.178
34.399 49.685 1.178
34.401 49.690 1.178
34.404 49.696 1.178
34.407 49.701 1.178
34.410 49.707 1.178
34.413 49.713 1.178
34.415 49.718 1.178
34.418 49.724 1.178
34.421 49.729 1.178
34.424 49.735 1.178
34.426 49.740 1.178
34.429 49.746 1.178
34.432 49.751 1.178
34.435 49.757 1.178
34.438 49.763 1.178
34.445 49.781 1.178
34.453 49.800 1.178
34.461 49.819 1.178
34.469 49.838 1.197
34.475 49.857 1.272
34.481 49.877 1.347
34.485 49.897 1.421
34.487 49.917 1.496
34.488 49.938 1.571
34.488 49.960 1.571
34.488 49.982 1.571
34.488 50.004 1.571
34.488 50.026 1.571
34.488 50.049 1.571
34.488 50.071 1.571
34.488 50.093 1.571
34.488 50.115 1.571
34.488 50.138 1.571
34.488 50.160 1.571
34.488 50.182 1.571
34.488 50.204 1.571
34.488 50.226 1.571
34.488 50.249 1.571
34.488 50.271 1.571
34.488 50.293 1.571
34.488 50.315 1.571
34.488 50.338 1.571
34.488 50.360 1.571
34.488 50.382 1.571
34.488 50.404 1.571
34.488 50.426 1.571
34.488 50.449 1.571
34.488 50.471 1.571
34.488 50.493 1.571
34.488 50.515 1.571
34.488 50.538 1.571
34.488 50.560 1.571
34.488 50.582 1.571
34.488 50.604 1.571
34.488 50.626 1.571
34.488 50.649 1.571
34.488 50.671 1.571
34.488 50.693 1.571
34.488 50.715 1.571
34.488 50.738 1.571
34.488 50.760 1.571
34.488 50.782 1.571
34.488 50.804 1.571
34.488 50.826 1.571
34.488 50.849 1.571
34.488 50.871 1.571
34.488 50.893 1.571
34.488 50.915 1.571
34.488 50.938 1.571
34.488 50.960 1.571
34.488 50.982 1.571
34.488 51.004 1.571
34.488 51.026 1.571
34.488 51.049 1.571
34.488 51.071 1.571
34.488 51.093 1.571
34.488 51.115 1.571
34.488 51.138 1.571
34.488 51.160 1.571
34.488 51.182 1.571
34.488 51.204 1.571
34.488 51.226 1.571
34.488 51.249 1.571
34.488 51.271 1.571
34.488 51.293 1.571
34.488 51.315 1.571
34.488 51.338 1.571
34.488 51.360 1.571
34.488 51.382 1.571
34.488 51.404 1.571
34.488 51.426 1.571
34.488 51.449 1.571
34.488 51.471 1.571
34.488 51.493 1.571
34.488 51.515 1.571
34.488 51.538 1.571
34.488 51.560 1.571
34.488 51.582 1.571
34.488 51.604 1.571
34.488 51.626 1.571
34.488 51.649 1.571
34.488 51.671 1.571
34.488 51.693 1.571
34.488 51.715 1.571
34.488 51.738 1.571
34.488 51.760 1.571
34.488 51.782 1.571
34.488 51.804 1.571
34.488 51.826 1.571
34.488 51.849 1.571
34.488 51.871 1.571
34.488 51.893 1.571
34.488 51.915 1.571
34.488 51.938 1.571
34.488 51.960 1.571
34.488 51.982 1.571
34.488 52.004 1.571
34.488 52.026 1.571
34.488 52.049 1.571
34.488 52.071 1.571
34.488 52.093 1.571
34.488 52.115 1.571
34.488 52.138 1.571
34.488 52.160 1.571
34.488 52.182 1.571
34.488 52.204 1.571
34.488 52.226 1.571
34.488 52.249 1.571
34.488 52.271 1.571
34.488 52.293 1.571
34.488 52.315 1.571
34.488 52.338 1.571
34.488 52.360 1.571
34.488 52.382 1.571
34.488 52.404 1.571
34.488 52.426 1.571
34.488 52.449 1.571
34.488 52.471 1.571
34.488 52.493 1.571
34.488 52.515 1.571
34.488 52.538 1.571
34.488 52.560 1.571
34.488 52.582 1.571
34.488 52.604 1.571
34.488 52.626 1.571
34.488 52.649 1.571
34.488 52.671 1.571
34.488 52.693 1.571
34.488 52.715 1.571
34.488 52.738 1.571
34.488 52.760 1.571
34.488 52.782 1.571
34.488 52.804 1.571
34.488 52.826 1.571
34.488 52.849 1.571
34.488 52.871 1.571
34.488 52.893 1.571
34.488 52.915 1.571
34.488 52.938 1.571
34.488 52.960 1.571
34.488 52.982 1.571
34.488 53.004 1.571
34.488 53.026 1.571
34.488 53.049 1.571
34.488 53.071 1.571
34.488 53.093 1.571
34.488 53.115 1.571
34.488 53.138 1.571
34.488 53.160 1.571
34.488 53.182 1.571
34.488 53.204 1.571
34.488 53.226 1.571
34.488 53.249 1.571
34.488 53.271 1.571
34.488 53.293 1.571
34.488 53.315 1.571
34.488 53.338 1.571
34.488 53.360 1.571
34.488 53.382 1.571
34.488 53.404 1.571
34.488 53.426 1.571
34.488 53.449 1.571
34.488 53.471 1.571
34.488 53.493 1.571
34.488 53.515 1.571
34.488 53.538 1.571
34.488 53.560 1.571
34.488 53.582 1.571
34.488 53.604 1.571
34.488 53.626 1.571
34.488 53.649 1.571
34.488 53.671 1.571
34.488 53.693 1.571
34.488 53.715 1.571
34.488 53.738 1.571
34.488 53.760 1.571
34.488 53.783 1.571
34.488 53.805 1.571
34.488 53.828 1.522
34.490 53.850 1.453
34.493 53.873 1.384
34.498 53.895 1.316
34.505 53.916 1.247
34.513 53.938 1.178
34.521 53.954 1.178
34.529 53.971 1.178
34.538 53.988 1.178
34.546 54.004 1.178
34.554 54.021 1.178
34.562 54.038 1.178
34.571 54.054 1.178
34.579 54.071 1.178
34.588 54.088 1.178
34.596 54.104 1.178
34.604 54.121 1.178
34.613 54.138 1.178
34.621 54.154 1.178
34.629 54.171 1.178
34.638 54.188 1.178
34.646 54.204 1.178
34.654 54.221 1.178
34.663 54.238 1.178
34.671 54.254 1.178
34.679 54.271 1.178
34.688 54.288 1.178
34.696 54.304 1.178
34.704 54.321 1.178
34.712 54.338 1.178
34.721 54.354 1.178
34.729 54.371 1.178
34.738 54.388 1.178
34.740 54.393 1.178
34.743 54.399 1.178
34.746 54.404 1.178
34.749 54.410 1.178
34.751 54.415 1.178
34.754 54.421 1.178
34.757 54.426 1.178
34.760 54.432 1.178
34.763 54.438 1.178
34.770 54.456 1.178
34.778 54.475 1.178
34.786 54.494 1.178
34.794 54.513 1.197
34.800 54.532 1.272
34.806 54.552 1.347
34.809 54.572 1.421
34.812 54.592 1.496
34.813 54.613 1.571
34.813 54.615 1.571
34.813 54.618 1.571
34.813 54.621 1.571
34.813 54.624 1.571
34.813 54.626 1.571
34.813 54.629 1.571
34.813 54.632 1.571
34.813 54.635 1.571
34.813 54.638 1.571
34.813 54.640 1.571
34.813 54.643 1.571
34.813 54.646 1.571
34.813 54.649 1.571
34.813 54.651 1.571
34.813 54.654 1.571
34.813 54.657 1.571
34.813 54.660 1.571
34.813 54.663 1.571
34.813 54.665 1.571
34.813 54.668 1.571
34.813 54.671 1.571
34.813 54.674 1.571
34.813 54.676 1.571
34.813 54.679 1.571
34.813 54.682 1.571
34.813 54.685 1.571
34.813 54.688 1.571
34.813 54.690 1.571
34.813 54.693 1.571
34.813 54.696 1.571
34.813 54.699 1.571
34.813 54.701 1.571
34.813 54.704 1.571
34.813 54.707 1.571
34.813 54.710 1.571
34.813 54.713 1.571
34.813 54.715 1.571
34.813 54.718 1.571
34.813 54.721 1.571
34.813 54.724 1.571
34.813 54.726 1.571
34.813 54.729 1.571
34.813 54.732 1.571
34.813 54.735 1.571
34.813 54.738 1.571
34.813 54.760 1.571
34.813 54.783 1.571
34.813 54.805 1.571
34.813 54.828 1.522
34.815 54.850 1.453
34.818 54.873 1.384
34.823 54.895 1.316
34.830 54.916 1.247
34.838 54.938 1.178
34.847 54.952 1.148
34.856 54.967 1.117
34.867 54.982 1.087
34.877 54.996 1.057
34.888 55.010 1.027
34.900 55.023 0.996
34.912 55.037 0.966
34.925 55.050 0.936
34.938 55.063 0.785
34.955 55.080 0.785
34.972 55.096 0.756
34.990 55.113 0.704
35.008 55.128 0.652
35.028 55.142 0.600
35.048 55.155 0.548
35.069 55.167 0.496
35.091 55.178 0.445
35.113 55.188 0.393
35.118 55.190 0.393
35.124 55.193 0.393
35.129 55.196 0.393
35.135 55.199 0.393
35.140 55.201 0.393
35.146 55.204 0.393
35.151 55.207 0.393
35.157 55.210 0.393
35.163 55.213 0.393
35.181 55.220 0.393
35.200 55.228 0.393
35.219 55.236 0.393
35.238 55.244 0.374
35.257 55.250 0.299
35.277 55.256 0.224
35.297 55.260 0.149
35.317 55.262 0.075
35.338 55.263 0.000
35.360 55.263 0.000
35.382 55.263 0.000
35.404 55.263 0.000
35.426 55.263 0.000
35.449 55.263 0.000
35.471 55.263 0.000
35.493 55.263 0.000
35.515 55.263 0.000
35.538 55.263 0.000
35.560 55.263 0.000
35.582 55.263 0.000
35.604 55.263 0.000
35.626 55.263 0.000
35.649 55.263 0.000
35.671 55.263 0.000
35.693 55.263 0.000
35.715 55.263 0.000
35.738 55.263 0.000
35.760 55.263 0.000
35.782 55.263 0.000
35.804 55.263 0.000
35.826 55.263 0.000
35.849 55.263 0.000
35.871 55.263 0.000
35.893 55.263 0.000
35.915 55.263 0.000
35.938 55.263 0.000
35.960 55.263 0.000
35.982 55.263 0.000
36.004 55.263 0.000
36.026 55.263 0.000
36.049 55.263 0.000
36.071 55.263 0.000
36.093 55.263 0.000
36.115 55.263 0.000
36.138 55.263 0.000
36.160 55.263 0.000
36.182 55.263 0.000
36.204 55.263 0.000
36.226 55.263 0.000
36.249 55.263 0.000
36.271 55.263 0.000
36.293 55.263 0.000
36.315 55.263 0.000
36.338 55.263 0.000
36.360 55.263 0.000
36.382 55.263 0.000
36.404 55.263 0.000
36.426 55.263 0.000
36.449 55.263 0.000
36.471 55.263 0.000
36.493 55.263 0.000
36.515 55.263 0.000
36.538 55.263 0.000
36.560 55.263 0.000
36.582 55.263 0.000
36.604 55.263 0.000
36.626 55.263 0.000
36.649 55.263 0.000
36.671 55.263 0.000
36.693 55.263 0.000
36.715 55.263 0.000
36.738 55.263 0.000
36.760 55.263 0.000
36.782 55.263 0.000
36.804 55.263 0.000
36.826 55.263 0.000
36.849 55.263 0.000
36.871 55.263 0.000
36.893 55.263 0.000
36.915 55.263 0.000
36.938 55.263 0.000
36.960 55.263 0.000
36.982 55.263 0.000
37.004 55.263 0.000
37.026 55.263 0.000
37.049 55.263 0.000
37.071 55.263 0.000
37.093 55.263 0.000
37.115 55.263 0.000
37.138 55.263 0.000
37.160 55.263 0.000
37.182 55.263 0.000
37.204 55.263 0.000
37.226 55.263 0.000
37.249 55.263 0.000
37.271 55.263 0.000
37.293 55.263 0.000
37.315 55.263 0.000
37.338 55.263 0.000
37.360 55.263 0.000
37.382 55.263 0.000
37.404 55.263 0.000
37.426 55.263 0.000
37.449 55.263 0.000
37.471 55.263 0.000
37.493 55.263 0.000
37.515 55.263 0.000
37.538 55.263 0.000
37.560 55.263 0.000
37.582 55.263 0.000
37.604 55.263 0.000
37.626 55.263 0.000
37.649 55.263 0.000
37.671 55.263 0.000
37.693 55.263 0.000
37.715 55.263 0.000
37.738 55.263 0.000
37.760 55.263 0.000
37.782 55.263 0.000
37.804 55.263 0.000
37.826 55.263 0.000
37.849 55.263 0.000
37.871 55.263 0.000
37.893 55.263 0.000
37.915 55.263 0.000
37.938 55.263 0.000
37.960 55.263 0.000
37.982 55.263 0.000
38.004 55.263 0.000
38.026 55.263 0.000
38.049 55.263 0.000
38.071 55.263 0.000
38.093 55.263 0.000
38.115 55.263 0.000
38.138 55.263 0.000
38.160 55.263 0.000
38.182 55.263 0.000
38.204 55.263 0.000
38.226 55.263 0.000
38.249 55.263 0.000
38.271 55.263 0.000
38.293 55.263 0.000
38.315 55.263 0.000
38.338 55.263 0.000
38.360 55.263 0.000
38.382 55.263 0.000
38.404 55.263 0.000
38.426 55.263 0.000
38.449 55.263 0.000
38.471 55.263 0.000
38.493 55.263 0.000
38.515 55.263 0.000
38.538 55.263 0.000
38.560 55.263 0.000
38.582 55.263 0.000
38.604 55.263 0.000
38.626 55.263 0.000
38.649 55.263 0.000
38.671 55.263 0.000
38.693 55.263 0.000
38.715 55.263 0.000
38.738 55.263 0.000
38.760 55.263 0.000
38.782 55.263 0.000
38.804 55.263 0.000
38.826 55.263 0.000
38.849 55.263 0.000
38.871 55.263 0.000
38.893 55.263 0.000
38.915 55.263 0.000
38.938 55.263 0.000
38.960 55.263 0.000
38.982 55.263 0.000
39.004 55.263 0.000
39.026 55.263 0.000
39.049 55.263 0.000
39.071 55.263 0.000
39.093 55.263 0.000
39.115 55.263 0.000
39.138 55.263 0.000
39.160 55.263 0.000
39.182 55.263 0.000
39.204 55.263 0.000
39.226 55.263 0.000
39.249 55.263 0.000
39.271 55.263 0.000
39.293 55.263 0.000
39.315 55.263 0.000
39.338 55.263 0.000
39.360 55.263 0.000
39.382 55.263 0.000
39.404 55.263 0.000
39.426 55.263 0.000
39.449 55.263 0.000
39.471 55.263 0.000
39.493 55.263 0.000
39.515 55.263 0.000
39.538 55.263 0.000
39.560 55.263 0.000
39.582 55.263 0.000
39.604 55.263 0.000
39.626 55.263 0.000
39.649 55.263 0.000
39.671 55.263 0.000
39.693 55.263 0.000
39.715 55.263 0.000
39.738 55.263 0.000
39.760 55.263 0.000
39.782 55.263 0.000
39.804 55.263 0.000
39.826 55.263 0.000
39.849 55.263 0.000
39.871 55.263 0.000
39.893 55.263 0.000
39.915 55.263 0.000
39.938 55.263 0.000
39.960 55.263 0.000
39.982 55.263 0.000
40.004 55.263 0.000
40.026 55.263 0.000
40.049 55.263 0.000
40.071 55.263 0.000
40.093 55.263 0.000
40.115 55.263 0.000
40.138 55.263 0.000
40.160 55.263 0.000
40.182 55.263 0.000
40.204 55.263 0.000
40.226 55.263 0.000
40.249 55.263 0.000
40.271 55.263 0.000
40.293 55.263 0.000
40.315 55.263 0.000
40.338 55.263 0.000
40.360 55.263 0.000
40.382 55.263 0.000
40.404 55.263 0.000
40.426 55.263 0.000
40.449 55.263 0.000
40.471 55.263 0.000
40.493 55.263 0.000
40.515 55.263 0.000
40.538 55.263 0.000
40.560 55.263 0.000
40.582 55.263 0.000
40.604 55.263 0.000
40.626 55.263 0.000
40.649 55.263 0.000
40.671 55.263 0.000
40.693 55.263 0.000
40.715 55.263 0.000
40.738 55.263 0.000
40.760 55.263 0.000
40.782 55.263 0.000
40.804 55.263 0.000
40.826 55.263 0.000
40.849 55.263 0.000
40.871 55.263 0.000
40.893 55.263 0.000
40.915 55.263 0.000
40.938 55.263 0.000
40.960 55.263 0.000
40.982 55.263 0.000
41.004 55.263 0.000
41.026 55.263 0.000
41.049 55.263 0.000
41.071 55.263 0.000
41.093 55.263 0.000
41.115 55.263 0.000
41.138 55.263 0.000
41.160 55.263 0.000
41.182 55.263 0.000
41.204 55.263 0.000
41.226 55.263 0.000
41.249 55.263 0.000
41.271 55.263 0.000
41.293 55.263 0.000
41.315 55.263 0.000
41.338 55.263 0.000
41.360 55.263 0.000
41.382 55.263 0.000
41.404 55.263 0.000
41.426 55.263 0.000
41.449 55.263 0.000
41.471 55.263 0.000
41.493 55.263 0.000
41.515 55.263 0.000
41.538 55.263 0.000
41.560 55.263 0.000
41.582 55.263 0.000
41.604 55.263 0.000
41.626 55.263 0.000
41.649 55.263 0.000
41.671 55.263 0.000
41.693 55.263 0.000
41.715 55.263 0.000
41.738 55.263 0.000
41.760 55.263 0.000
41.782 55.263 0.000
41.804 55.263 0.000
41.826 55.263 0.000
41.849 55.263 0.000
41.871 55.263 0.000
41.893 55.263 0.000
41.915 55.263 0.000
41.938 55.263 0.000
41.960 55.263 0.000
41.982 55.263 0.000
42.004 55.263 0.000
42.026 55.263 0.000
42.049 55.263 0.000
42.071 55.263 0.000
42.093 55.263 0.000
42.115 55.263 0.000
42.138 55.263 0.000
42.160 55.263 0.000
42.182 55.263 0.000
42.204 55.263 0.000
42.226 55.263 0.000
42.249 55.263 0.000
42.271 55.263 0.000
42.293 55.263 0.000
42.315 55.263 0.000
42.338 55.263 0.000
42.360 55.263 0.000
42.382 55.263 0.000
42.404 55.263 0.000
42.426 55.263 0.000
42.449 55.263 0.000
42.471 55.263 0.000
42.493 55.263 0.000
42.515 55.263 0.000
42.538 55.263 0.000
42.560 55.263 0.000
42.582 55.263 0.000
42.604 55.263 0.000
42.626 55.263 0.000
42.649 55.263 0.000
42.671 55.263 0.000
42.693 55.263 0.000
42.715 55.263 0.000
42.738 55.263 0.000
42.760 55.263 0.000
42.782 55.263 0.000
42.804 55.263 0.000
42.826 55.263 0.000
42.849 55.263 0.000
42.871 55.263 0.000
42.893 55.263 0.000
42.915 55.263 0.000
42.938 55.263 0.000
42.960 55.263 0.000
42.982 55.263 0.000
43.004 55.263 0.000
43.026 55.263 0.000
43.049 55.263 0.000
43.071 55.263 0.000
43.093 55.263 0.000
43.115 55.263 0.000
43.138 55.263 0.000
43.160 55.263 0.000
43.182 55.263 0.000
43.204 55.263 0.000
43.226 55.263 0.000
43.249 55.263 0.000
43.271 55.263 0.000
43.293 55.263 0.000
43.315 55.263 0.000
43.338 55.263 0.000
43.360 55.263 0.000
43.382 55.263 0.000
43.404 55.263 0.000
43.426 55.263 0.000
43.449 55.263 0.000
43.471 55.263 0.000
43.493 55.263 0.000
43.515 55.263 0.000
43.538 55.263 0.000
43.560 55.263 0.000
43.582 55.263 0.000
43.604 55.263 0.000
43.626 55.263 0.000
43.649 55.263 0.000
43.671 55.263 0.000
43.693 55.263 0.000
43.715 55.263 0.000
43.738 55.263 0.000
43.760 55.263 0.000
43.782 55.263 0.000
43.804 55.263 0.000
43.826 55.263 0.000
43.849 55.263 0.000
43.871 55.263 0.000
43.893 55.263 0.000
43.915 55.263 0.000
43.938 55.263 0.000
43.960 55.263 0.000
43.982 55.263 0.000
44.004 55.263 0.000
44.026 55.263 0.000
44.049 55.263 0.000
44.071 55.263 0.000
44.093 55.263 0.000
44.115 55.263 0.000
44.138 55.263 0.000
44.160 55.263 0.000
44.182 55.263 0.000
44.204 55.263 0.000
44.226 55.263 0.000
44.249 55.263 0.000
44.271 55.263 0.000
44.293 55.263 0.000
44.315 55.263 0.000
44.338 55.263 0.000
44.360 55.263 0.000
44.382 55.263 0.000
44.404 55.263 0.000
44.426 55.263 0.000
44.449 55.263 0.000
44.471 55.263 0.000
44.493 55.263 0.000
44.515 55.263 0.000
44.538 55.263 0.000
44.560 55.263 0.000
44.582 55.263 0.000
44.604 55.263 0.000
44.626 55.263 0.000
44.649 55.263 0.000
44.671 55.263 0.000
44.693 55.263 0.000
44.715 55.263 0.000
44.738 55.263 0.000
44.760 55.263 0.000
44.782 55.263 0.000
44.804 55.263 0.000
44.826 55.263 0.000
44.849 55.263 0.000
44.871 55.263 0.000
44.893 55.263 0.000
44.915 55.263 0.000
44.938 55.263 0.000
44.960 55.263 0.000
44.982 55.263 0.000
45.004 55.263 0.000
45.026 55.263 0.000
45.049 55.263 0.000
45.071 55.263 0.000
45.093 55.263 0.000
45.115 55.263 0.000
45.138 55.263 0.000
45.160 55.263 0.000
45.182 55.263 0.000
45.204 55.263 0.000
45.226 55.263 0.000
45.249 55.263 0.000
45.271 55.263 0.000
45.293 55.263 0.000
45.315 55.263 0.000
45.338 55.263 0.000
45.340 55.263 0.000
45.343 55.263 0.000
45.346 55.263 0.000
45.349 55.263 0.000
45.351 55.263 0.000
45.354 55.263 0.000
45.357 55.263 0.000
45.360 55.263 0.000
45.363 55.263 0.000
45.365 55.263 0.000
45.368 55.263 0.000
45.371 55.263 0.000
45.374 55.263 0.000
45.376 55.263 0.000
45.379 55.263 0.000
45.382 55.263 0.000
45.385 55.263 0.000
45.388 55.263 0.000
45.410 55.263 0.000
45.433 55.263 0.000
45.455 55.263 0.000
45.478 55.262 6.234
45.500 55.260 6.166
45.523 55.257 6.097
45.545 55.252 6.028
45.566 55.245 5.959
45.588 55.238 5.891
45.604 55.229 5.891
45.621 55.221 5.891
45.638 55.213 5.891
45.654 55.204 5.891
45.671 55.196 5.891
45.688 55.188 5.891
45.704 55.179 5.891
45.721 55.171 5.891
45.738 55.163 5.891
45.754 55.154 5.891
45.771 55.146 5.891
45.788 55.138 5.891
45.804 55.129 5.891
45.821 55.121 5.891
45.838 55.113 5.891
45.854 55.104 5.891
45.871 55.096 5.891
45.888 55.088 5.891
45.904 55.079 5.891
45.921 55.071 5.891
45.938 55.063 5.891
45.954 55.054 5.891
45.971 55.046 5.891
45.988 55.038 5.891
46.004 55.029 5.891
46.021 55.021 5.891
46.038 55.013 5.891
46.054 55.004 5.891
46.071 54.996 5.891
46.088 54.988 5.891
46.104 54.979 5.891
46.121 54.971 5.891
46.138 54.963 5.891
46.154 54.954 5.891
46.171 54.946 5.891
46.188 54.938 5.891
46.204 54.929 5.891
46.221 54.921 5.891
46.238 54.913 5.891
46.254 54.904 5.891
46.271 54.896 5.891
46.288 54.888 5.891
46.304 54.879 5.891
46.321 54.871 5.891
46.338 54.863 5.891
46.354 54.854 5.891
46.371 54.846 5.891
46.388 54.838 5.891
46.404 54.829 5.891
46.421 54.821 5.891
46.438 54.813 5.891
46.454 54.804 5.891
46.471 54.796 5.891
46.488 54.788 5.891
46.504 54.779 5.891
46.521 54.771 5.891
46.538 54.763 5.891
46.554 54.754 5.891
46.571 54.746 5.891
46.588 54.738 5.891
46.604 54.729 5.891
46.621 54.721 5.891
46.638 54.713 5.891
46.654 54.704 5.891
46.671 54.696 5.891
46.688 54.688 5.891
46.704 54.679 5.891
46.721 54.671 5.891
46.738 54.663 5.891
46.754 54.654 5.891
46.771 54.646 5.891
46.788 54.638 5.891
46.804 54.629 5.891
46.821 54.621 5.891
46.838 54.613 5.891
46.854 54.604 5.891
46.871 54.596 5.891
46.888 54.588 5.891
46.904 54.579 5.891
46.921 54.571 5.891
46.938 54.563 5.891
46.954 54.554 5.891
46.971 54.546 5.891
46.988 54.538 5.891
47.004 54.529 5.891
47.021 54.521 5.891
47.038 54.513 5.891
47.054 54.504 5.891
47.071 54.496 5.891
47.088 54.488 5.891
47.104 54.479 5.891
47.121 54.471 5.891
47.138 54.463 5.891
47.154 54.454 5.891
47.171 54.446 5.891
47.188 54.438 5.891
47.204 54.429 5.891
47.221 54.421 5.891
47.238 54.413 5.891
47.254 54.404 5.891
47.271 54.396 5.891
47.288 54.388 5.891
47.304 54.379 5.891
47.321 54.371 5.891
47.338 54.363 5.891
47.354 54.354 5.891
47.371 54.346 5.891
47.388 54.338 5.891
47.404 54.329 5.891
47.421 54.321 5.891
47.438 54.313 5.891
47.454 54.304 5.891
47.471 54.296 5.891
47.488 54.288 5.891
47.504 54.279 5.891
47.521 54.271 5.891
47.538 54.263 5.891
47.554 54.254 5.891
47.571 54.246 5.891
47.588 54.238 5.891
47.604 54.229 5.891
47.621 54.221 5.891
47.638 54.213 5.891
47.654 54.204 5.891
47.671 54.196 5.891
47.688 54.188 5.891
47.704 54.179 5.891
47.721 54.171 5.891
47.738 54.163 5.891
47.754 54.154 5.891
47.771 54.146 5.891
47.788 54.138 5.891
47.804 54.129 5.891
47.821 54.121 5.891
47.838 54.113 5.891
47.854 54.104 5.891
47.871 54.096 5.891
47.888 54.088 5.891
47.904 54.079 5.891
47.921 54.071 5.891
47.938 54.063 5.891
47.954 54.054 5.891
47.971 54.046 5.891
47.988 54.038 5.891
48.004 54.029 5.891
48.021 54.021 5.891
48.038 54.013 5.891
48.054 54.004 5.891
48.071 53.996 5.891
48.088 53.988 5.891
48.104 53.979 5.891
48.121 53.971 5.891
48.138 53.963 5.891
48.143 53.960 5.891
48.149 53.957 5.891
48.154 53.954 5.891
48.160 53.951 5.891
48.165 53.949 5.891
48.171 53.946 5.891
48.176 53.943 5.891
48.182 53.940 5.891
48.188 53.938 5.891
48.204 53.929 5.891
48.221 53.921 5.891
48.238 53.913 5.891
48.254 53.904 5.891
48.271 53.896 5.891
48.288 53.888 5.891
48.304 53.879 5.891
48.321 53.871 5.891
48.338 53.863 5.891
48.354 53.854 5.891
48.371 53.846 5.891
48.388 53.838 5.891
48.404 53.829 5.891
48.421 53.821 5.891
48.438 53.813 5.891
48.454 53.804 5.891
48.471 53.796 5.891
48.488 53.788 5.891
48.506 53.780 5.891
48.525 53.772 5.891
48.544 53.764 5.891
48.563 53.756 5.910
48.582 53.750 5.984
48.602 53.744 6.059
48.622 53.741 6.134
48.642 53.738 6.208
48.663 53.738 0.000
48.660 53.738 0.000
48.657 53.738 0.000
48.654 53.738 0.000
48.651 53.738 0.000
48.649 53.738 0.000
48.646 53.738 0.000
48.643 53.738 0.000
48.640 53.738 0.000
48.638 53.738 0.000
48.635 53.738 0.000
48.632 53.738 0.000
48.629 53.738 0.000
48.626 53.738 0.000
48.624 53.738 0.000
48.621 53.738 0.000
48.618 53.738 0.000
48.615 53.738 0.000
48.613 53.738 0.000
48.610 53.738 0.000
48.607 53.738 0.000
48.604 53.738 0.000
48.601 53.738 0.000
48.599 53.738 0.000
48.596 53.738 0.000
48.593 53.738 0.000
48.590 53.738 0.000
48.588 53.738 0.000
48.585 53.738 0.000
48.582 53.738 0.000
48.579 53.738 0.000
48.576 53.738 0.000
48.574 53.738 0.000
48.571 53.738 0.000
48.568 53.738 0.000
48.565 53.738 0.000
48.563 53.738 0.000
48.560 53.738 0.000
48.557 53.738 0.000
48.554 53.738 0.000
48.551 53.738 0.000
48.549 53.738 0.000
48.546 53.738 0.000
48.543 53.738 0.000
48.540 53.738 0.000
48.538 53.738 0.000
48.535 53.738 0.000
48.532 53.738 0.000
48.529 53.738 0.000
48.526 53.738 0.000
48.524 53.738 0.000
48.521 53.738 0.000
48.518 53.738 0.000
48.515 53.738 0.000
48.513 53.738 0.000
48.510 53.738 0.000
48.507 53.738 0.000
48.504 53.738 0.000
48.501 53.738 0.000
48.499 53.738 0.000
48.496 53.738 0.000
48.493 53.738 0.000
48.490 53.738 0.000
48.488 53.738 0.000
48.485 53.738 0.000
48.482 53.738 0.000
48.479 53.738 0.000
48.476 53.738 0.000
48.474 53.738 0.000
48.471 53.738 0.000
48.468 53.738 0.000
48.465 53.738 0.000
48.463 53.738 0.000
48.460 53.738 0.000
48.457 53.738 0.000
48.454 53.738 0.000
48.451 53.738 0.000
48.449 53.738 0.000
48.446 53.738 0.000
48.443 53.738 0.000
48.440 53.738 0.000
48.438 53.738 0.000
48.435 53.738 0.000
48.432 53.738 0.000
48.429 53.738 0.000
48.426 53.738 0.000
48.424 53.738 0.000
48.421 53.738 0.000
48.418 53.738 0.000
48.415 53.738 0.000
48.413 53.738 0.000
48.410 53.738 0.000
48.407 53.738 0.000
48.404 53.738 0.000
48.401 53.738 0.000
48.399 53.738 0.000
48.396 53.738 0.000
48.393 53.738 0.000
48.390 53.738 0.000
48.388 53.738 0.000
48.385 53.738 0.000
48.382 53.738 0.000
48.379 53.738 0.000
48.376 53.738 0.000
48.374 53.738 0.000
48.371 53.738 0.000
48.368 53.738 0.000
48.365 53.738 0.000
48.363 53.738 0.000
48.360 53.738 0.000
48.357 53.738 0.000
48.354 53.738 0.000
48.351 53.738 0.000
48.349 53.738 0.000
48.346 53.738 0.000
48.343 53.738 0.000
48.340 53.738 0.000
48.338 53.738 0.000
48.335 53.738 0.000
48.332 53.738 0.000
48.329 53.738 0.000
48.326 53.738 0.000
48.324 53.738 0.000
48.321 53.738 0.000
48.318 53.738 0.000
48.315 53.738 0.000
48.313 53.738 0.000
48.310 53.738 0.000
48.307 53.738 0.000
48.304 53.738 0.000
48.301 53.738 0.000
48.299 53.738 0.000
48.296 53.738 0.000
48.293 53.738 0.000
48.290 53.738 0.000
48.288 53.738 0.000
48.285 53.738 0.000
48.282 53.738 0.000
48.279 53.738 0.000
48.276 53.738 0.000
48.274 53.738 0.000
48.271 53.738 0.000
48.268 53.738 0.000
48.265 53.738 0.000
48.263 53.738 0.000
48.260 53.738 0.000
48.257 53.738 0.000
48.254 53.738 0.000
48.251 53.738 0.000
48.249 53.738 0.000
48.246 53.738 0.000
48.243 53.738 0.000
48.240 53.738 0.000
48.238 53.738 0.000
48.235 53.738 0.000
48.232 53.738 0.000
48.229 53.738 0.000
48.226 53.738 0.000
48.224 53.738 0.000
48.221 53.738 0.000
48.218 53.738 0.000
48.215 53.738 0.000
48.213 53.738 0.000
48.210 53.738 0.000
48.207 53.738 0.000
48.204 53.738 0.000
48.201 53.738 0.000
48.199 53.738 0.000
48.196 53.738 0.000
48.193 53.738 0.000
48.190 53.738 0.000
48.188 53.738 0.000
48.185 53.738 0.000
48.182 53.738 0.000
48.179 53.738 0.000
48.176 53.738 0.000
48.174 53.738 0.000
48.171 53.738 0.000
48.168 53.738 0.000
48.165 53.738 0.000
48.163 53.738 0.000
48.160 53.738 0.000
48.157 53.738 0.000
48.154 53.738 0.000
48.151 53.738 0.000
48.149 53.738 0.000
48.146 53.738 0.000
48.143 53.738 0.000
48.140 53.738 0.000
48.138 53.738 0.000
48.135 53.738 0.000
48.132 53.738 0.000
48.129 53.738 0.000
48.126 53.738 0.000
48.124 53.738 0.000
48.121 53.738 0.000
48.118 53.738 0.000
48.115 53.738 0.000
48.113 53.738 0.000
48.110 53.738 0.000
48.107 53.738 0.000
48.104 53.738 0.000
48.101 53.738 0.000
48.099 53.738 0.000
48.096 53.738 0.000
48.093 53.738 0.000
48.090 53.738 0.000
48.088 53.738 0.000
48.085 53.738 0.000
48.082 53.738 0.000
48.079 53.738 0.000
48.076 53.738 0.000
48.074 53.738 0.000
48.071 53.738 0.000
48.068 53.738 0.000
48.065 53.738 0.000
48.063 53.738 0.000
48.060 53.738 0.000
48.057 53.738 0.000
48.054 53.738 0.000
48.051 53.738 0.000
48.049 53.738 0.000
48.046 53.738 0.000
48.043 53.738 0.000
48.040 53.738 0.000
