8.088 15.113 0.000
8.085 15.113 0.000
8.082 15.113 0.000
8.079 15.113 0.000
8.076 15.113 0.000
8.074 15.113 0.000
8.071 15.113 0.000
8.068 15.113 0.000
8.065 15.113 0.000
8.062 15.113 0.000
8.060 15.113 0.000
8.057 15.113 0.000
8.054 15.113 0.000
8.051 15.113 0.000
8.049 15.113 0.000
8.046 15.113 0.000
8.043 15.113 0.000
8.040 15.113 0.000
8.037 15.113 0.000
8.035 15.113 0.000
8.032 15.113 0.000
8.029 15.113 0.000
8.026 15.113 0.000
8.024 15.113 0.000
8.021 15.113 0.000
8.018 15.113 0.000
8.015 15.113 0.000
8.012 15.113 0.000
8.010 15.113 0.000
8.007 15.113 0.000
8.004 15.113 0.000
8.001 15.113 0.000
7.999 15.113 0.000
7.996 15.113 0.000
7.993 15.113 0.000
7.990 15.113 0.000
7.988 15.113 0.000
7.985 15.113 0.000
7.982 15.113 0.000
7.979 15.113 0.000
7.976 15.113 0.000
7.974 15.113 0.000
7.971 15.113 0.000
7.968 15.113 0.000
7.965 15.113 0.000
7.963 15.113 0.000
7.960 15.113 0.000
7.957 15.113 0.000
7.954 15.113 0.000
7.951 15.113 0.000
7.949 15.113 0.000
7.946 15.113 0.000
7.943 15.113 0.000
7.940 15.113 0.000
7.938 15.113 0.000
7.935 15.113 0.000
7.932 15.113 0.000
7.929 15.113 0.000
7.926 15.113 0.000
7.924 15.113 0.000
7.921 15.113 0.000
7.918 15.113 0.000
7.915 15.113 0.000
7.913 15.113 0.000
7.910 15.113 0.000
7.907 15.113 0.000
7.904 15.113 0.000
7.901 15.113 0.000
7.899 15.113 0.000
7.896 15.113 0.000
7.893 15.113 0.000
7.890 15.113 0.000
7.888 15.113 0.000
7.885 15.113 0.000
7.882 15.113 0.000
7.879 15.113 0.000
7.876 15.113 0.000
7.874 15.113 0.000
7.871 15.113 0.000
7.868 15.113 0.000
7.865 15.113 0.000
7.863 15.113 0.000
7.860 15.113 0.000
7.857 15.113 0.000
7.854 15.113 0.000
7.851 15.113 0.000
7.849 15.113 0.000
7.846 15.113 0.000
7.843 15.113 0.000
7.840 15.113 0.000
7.838 15.113 0.000
7.835 15.113 0.000
7.832 15.113 0.000
7.829 15.113 0.000
7.826 15.113 0.000
7.824 15.113 0.000
7.821 15.113 0.000
7.818 15.113 0.000
7.815 15.113 0.000
7.813 15.113 0.000
7.835 15.113 0.000
7.858 15.113 0.000
7.880 15.113 0.000
7.903 15.112 6.234
7.925 15.110 6.166
7.948 15.107 6.097
7.970 15.102 6.028
7.991 15.095 5.959
8.012 15.088 5.891
8.007 15.090 5.891
8.001 15.093 5.891
7.996 15.096 5.891
7.990 15.099 5.891
7.985 15.101 5.891
7.979 15.104 5.891
7.974 15.107 5.891
7.968 15.110 5.891
7.963 15.113 5.891
7.977 15.103 5.860
7.992 15.094 5.830
8.007 15.083 5.800
8.021 15.073 5.769
8.035 15.062 5.739
8.048 15.050 5.709
8.062 15.038 5.678
8.075 15.025 5.648
8.088 15.012 5.498
8.104 14.995 5.498
8.121 14.978 5.468
8.138 14.960 5.416
8.153 14.942 5.364
8.167 14.922 5.312
8.180 14.902 5.261
8.192 14.881 5.209
8.203 14.859 5.157
8.213 14.838 5.105
8.220 14.819 5.105
8.228 14.800 5.105
8.236 14.781 5.105
8.244 14.762 5.086
8.250 14.743 5.011
8.256 14.723 4.937
8.260 14.703 4.862
8.262 14.683 4.787
8.262 14.662 4.712
8.262 14.640 4.712
8.262 14.617 4.712
8.262 14.595 4.712
8.262 14.572 4.664
8.260 14.550 4.595
8.257 14.527 4.526
8.252 14.505 4.457
8.245 14.484 4.388
8.237 14.463 4.320
8.228 14.448 4.289
8.219 14.433 4.259
8.208 14.418 4.229
8.198 14.404 4.199
8.187 14.390 4.168
8.175 14.377 4.138
8.163 14.363 4.108
8.150 14.350 4.077
8.137 14.338 3.927
8.120 14.321 3.927
8.103 14.304 3.897
8.085 14.287 3.845
8.067 14.272 3.794
8.047 14.258 3.742
8.027 14.245 3.690
8.006 14.233 3.638
7.984 14.222 3.586
7.963 14.213 3.534
7.944 14.205 3.534
7.925 14.197 3.534
7.906 14.189 3.534
7.887 14.181 3.515
7.868 14.175 3.441
7.848 14.169 3.366
7.828 14.165 3.291
7.808 14.163 3.216
7.788 14.162 3.142
7.765 14.162 3.142
7.743 14.162 3.142
7.721 14.162 3.142
7.699 14.162 3.142
7.676 14.162 3.142
7.654 14.162 3.142
7.632 14.162 3.142
7.610 14.162 3.142
7.588 14.162 3.142
7.565 14.162 3.142
7.543 14.162 3.142
7.521 14.162 3.142
7.499 14.162 3.142
7.476 14.162 3.142
7.454 14.162 3.142
7.432 14.162 3.142
7.410 14.162 3.142
7.388 14.162 3.142
7.365 14.162 3.142
7.343 14.162 3.142
7.321 14.162 3.142
7.299 14.162 3.142
7.276 14.162 3.142
7.254 14.162 3.142
7.232 14.162 3.142
7.210 14.162 3.142
7.188 14.162 3.142
7.165 14.162 3.142
7.143 14.162 3.142
7.121 14.162 3.142
7.099 14.162 3.142
7.076 14.162 3.142
7.054 14.162 3.142
7.032 14.162 3.142
7.010 14.162 3.142
6.988 14.162 3.142
6.965 14.162 3.142
6.943 14.162 3.142
6.921 14.162 3.142
6.899 14.162 3.142
6.876 14.162 3.142
6.854 14.162 3.142
6.832 14.162 3.142
6.810 14.162 3.142
6.788 14.162 3.142
6.765 14.162 3.142
6.743 14.162 3.142
6.721 14.162 3.142
6.699 14.162 3.142
6.676 14.162 3.142
6.654 14.162 3.142
6.632 14.162 3.142
6.610 14.162 3.142
6.588 14.162 3.142
6.565 14.162 3.142
6.543 14.162 3.142
6.521 14.162 3.142
6.499 14.162 3.142
6.476 14.162 3.142
6.454 14.162 3.142
6.432 14.162 3.142
6.410 14.162 3.142
6.388 14.162 3.142
6.385 14.162 3.142
6.382 14.162 3.142
6.379 14.162 3.142
6.376 14.162 3.142
6.374 14.162 3.142
6.371 14.162 3.142
6.368 14.162 3.142
6.365 14.162 3.142
6.363 14.162 3.142
6.360 14.162 3.142
6.357 14.162 3.142
6.354 14.162 3.142
6.351 14.162 3.142
6.349 14.162 3.142
6.346 14.162 3.142
6.343 14.162 3.142
6.340 14.162 3.142
6.338 14.162 3.142
6.315 14.162 3.142
6.293 14.162 3.142
6.271 14.162 3.142
6.249 14.162 3.142
6.226 14.162 3.142
6.204 14.162 3.142
6.182 14.162 3.142
6.160 14.162 3.142
6.138 14.162 3.142
6.135 14.162 3.142
6.132 14.162 3.142
6.129 14.162 3.142
6.126 14.162 3.142
6.124 14.162 3.142
6.121 14.162 3.142
6.118 14.162 3.142
6.115 14.162 3.142
6.113 14.162 3.142
6.110 14.162 3.142
6.107 14.162 3.142
6.104 14.162 3.142
6.101 14.162 3.142
6.099 14.162 3.142
6.096 14.162 3.142
6.093 14.162 3.142
6.090 14.162 3.142
6.088 14.162 3.142
6.085 14.162 3.142
6.082 14.162 3.142
6.079 14.162 3.142
6.076 14.162 3.142
6.074 14.162 3.142
6.071 14.162 3.142
6.068 14.162 3.142
6.065 14.162 3.142
6.063 14.162 3.142
6.060 14.162 3.142
6.057 14.162 3.142
6.054 14.162 3.142
6.051 14.162 3.142
6.049 14.162 3.142
6.046 14.162 3.142
6.043 14.162 3.142
6.040 14.162 3.142
6.038 14.162 3.142
6.035 14.162 3.142
6.032 14.162 3.142
6.029 14.162 3.142
6.026 14.162 3.142
6.024 14.162 3.142
6.021 14.162 3.142
6.018 14.162 3.142
6.015 14.162 3.142
6.013 14.162 3.142
6.010 14.162 3.142
6.007 14.162 3.142
6.004 14.162 3.142
6.001 14.162 3.142
5.999 14.162 3.142
5.996 14.162 3.142
5.993 14.162 3.142
5.990 14.162 3.142
5.988 14.162 3.142
5.985 14.162 3.142
5.982 14.162 3.142
5.979 14.162 3.142
5.976 14.162 3.142
5.974 14.162 3.142
5.971 14.162 3.142
5.968 14.162 3.142
5.965 14.162 3.142
5.963 14.162 3.142
5.940 14.162 3.142
5.918 14.162 3.142
5.896 14.162 3.142
5.874 14.162 3.142
5.851 14.162 3.142
5.829 14.162 3.142
5.807 14.162 3.142
5.785 14.162 3.142
5.763 14.162 3.142
5.760 14.162 3.142
5.757 14.162 3.142
5.754 14.162 3.142
5.751 14.162 3.142
5.749 14.162 3.142
5.746 14.162 3.142
5.743 14.162 3.142
5.740 14.162 3.142
5.738 14.162 3.142
5.715 14.162 3.142
5.692 14.162 3.142
5.670 14.162 3.142
5.647 14.162 3.190
5.625 14.160 3.259
5.602 14.157 3.328
5.580 14.152 3.397
5.559 14.145 3.466
5.538 14.137 3.534
5.523 14.128 3.565
5.508 14.119 3.595
5.494 14.108 3.625
5.479 14.098 3.655
5.465 14.087 3.686
5.452 14.075 3.716
5.438 14.063 3.746
5.425 14.050 3.777
5.413 14.037 3.927
5.396 14.021 3.927
5.379 14.003 3.957
5.363 13.985 4.008
5.347 13.967 4.060
5.333 13.947 4.112
5.320 13.927 4.164
5.308 13.906 4.216
5.297 13.884 4.268
5.288 13.863 4.320
5.285 13.857 4.320
5.282 13.851 4.320
5.279 13.846 4.320
5.276 13.840 4.320
5.274 13.835 4.320
5.271 13.829 4.320
5.268 13.824 4.320
5.265 13.818 4.320
5.263 13.812 4.320
5.255 13.794 4.320
5.247 13.775 4.320
5.239 13.756 4.320
5.231 13.737 4.339
5.225 13.718 4.413
5.219 13.698 4.488
5.216 13.678 4.563
5.213 13.658 4.638
5.213 13.637 4.712
5.213 13.615 4.712
5.213 13.593 4.712
5.213 13.571 4.712
5.213 13.549 4.712
5.213 13.526 4.712
5.213 13.504 4.712
5.213 13.482 4.712
5.213 13.460 4.712
5.213 13.438 4.712
5.213 13.415 4.712
5.213 13.393 4.712
5.213 13.371 4.712
5.213 13.349 4.712
5.213 13.326 4.712
5.213 13.304 4.712
5.213 13.282 4.712
5.213 13.260 4.712
5.213 13.238 4.712
5.213 13.215 4.712
5.213 13.193 4.712
5.213 13.171 4.712
5.213 13.149 4.712
5.213 13.126 4.712
5.213 13.104 4.712
5.213 13.082 4.712
5.213 13.060 4.712
5.213 13.037 4.712
5.213 13.015 4.712
5.213 12.993 4.712
5.213 12.971 4.712
5.213 12.949 4.712
5.213 12.926 4.712
5.213 12.904 4.712
5.213 12.882 4.712
5.213 12.860 4.712
5.213 12.838 4.712
5.213 12.815 4.712
5.213 12.793 4.712
5.213 12.771 4.712
5.213 12.749 4.712
5.213 12.726 4.712
5.213 12.704 4.712
5.213 12.682 4.712
5.213 12.660 4.712
5.213 12.637 4.712
5.213 12.615 4.712
5.213 12.592 4.712
5.213 12.570 4.712
5.213 12.547 4.761
5.215 12.525 4.830
5.218 12.502 4.899
5.223 12.480 4.968
5.230 12.459 5.036
5.238 12.438 5.105
5.246 12.421 5.105
5.254 12.404 5.105
5.263 12.387 5.105
5.271 12.371 5.105
5.279 12.354 5.105
5.288 12.338 5.105
5.296 12.321 5.105
5.304 12.304 5.105
5.313 12.287 5.105
5.321 12.271 5.105
5.329 12.254 5.105
5.338 12.237 5.105
5.346 12.221 5.105
5.354 12.204 5.105
5.363 12.188 5.105
5.371 12.171 5.105
5.379 12.154 5.105
5.388 12.137 5.105
5.397 12.123 5.135
5.406 12.108 5.166
5.417 12.093 5.196
5.427 12.079 5.226
5.438 12.065 5.257
5.450 12.052 5.287
5.462 12.038 5.317
5.475 12.025 5.348
5.488 12.012 5.498
5.504 11.996 5.498
5.521 11.979 5.498
5.538 11.962 5.498
5.554 11.946 5.498
5.571 11.929 5.498
5.588 11.912 5.498
5.604 11.896 5.498
5.621 11.879 5.498
5.638 11.863 5.498
5.654 11.846 5.498
5.671 11.829 5.498
5.688 11.812 5.498
5.704 11.796 5.498
5.721 11.779 5.498
5.737 11.763 5.498
5.754 11.746 5.498
5.771 11.729 5.498
5.788 11.713 5.498
5.804 11.696 5.498
5.821 11.679 5.498
5.838 11.662 5.498
5.854 11.646 5.498
5.871 11.629 5.498
5.888 11.613 5.498
5.904 11.596 5.498
5.921 11.579 5.498
5.938 11.562 5.498
5.954 11.546 5.498
5.971 11.529 5.498
5.988 11.512 5.498
6.004 11.496 5.498
6.021 11.479 5.498
6.038 11.463 5.498
6.054 11.446 5.498
6.071 11.429 5.498
6.088 11.412 5.498
6.104 11.396 5.498
6.121 11.379 5.498
6.138 11.362 5.498
6.154 11.346 5.498
6.171 11.329 5.498
6.188 11.312 5.498
6.204 11.296 5.498
6.221 11.279 5.498
6.238 11.262 5.498
6.254 11.246 5.498
6.271 11.229 5.498
6.288 11.212 5.498
6.304 11.196 5.498
6.321 11.179 5.498
6.338 11.162 5.498
6.354 11.146 5.498
6.371 11.129 5.498
6.388 11.113 5.498
6.404 11.096 5.498
6.421 11.079 5.498
6.438 11.062 5.498
6.454 11.046 5.498
6.471 11.029 5.498
6.487 11.013 5.498
6.504 10.996 5.498
6.521 10.979 5.498
6.538 10.963 5.498
6.540 10.960 5.498
6.543 10.957 5.498
6.546 10.954 5.498
6.549 10.951 5.498
6.551 10.949 5.498
6.554 10.946 5.498
6.557 10.943 5.498
6.560 10.940 5.498
6.563 10.938 5.498
6.565 10.935 5.498
6.568 10.932 5.498
6.571 10.929 5.498
6.574 10.926 5.498
6.576 10.924 5.498
6.579 10.921 5.498
6.582 10.918 5.498
6.585 10.915 5.498
6.588 10.912 5.498
6.590 10.910 5.498
6.593 10.907 5.498
6.596 10.904 5.498
6.599 10.901 5.498
6.601 10.899 5.498
6.604 10.896 5.498
6.607 10.893 5.498
6.610 10.890 5.498
6.613 10.887 5.498
6.615 10.885 5.498
6.618 10.882 5.498
6.621 10.879 5.498
6.624 10.876 5.498
6.626 10.874 5.498
6.629 10.871 5.498
6.632 10.868 5.498
6.635 10.865 5.498
6.638 10.863 5.498
6.640 10.860 5.498
6.643 10.857 5.498
6.646 10.854 5.498
6.649 10.851 5.498
6.651 10.849 5.498
6.654 10.846 5.498
6.657 10.843 5.498
6.660 10.840 5.498
6.663 10.838 5.498
6.680 10.821 5.498
6.697 10.804 5.527
6.715 10.787 5.579
6.733 10.772 5.631
6.753 10.758 5.683
6.773 10.745 5.735
6.794 10.733 5.787
6.816 10.722 5.839
6.838 10.713 5.891
6.854 10.704 5.891
6.871 10.696 5.891
6.888 10.688 5.891
6.904 10.679 5.891
6.921 10.671 5.891
6.938 10.662 5.891
6.954 10.654 5.891
6.971 10.646 5.891
6.988 10.637 5.891
7.004 10.629 5.891
7.021 10.621 5.891
7.038 10.612 5.891
7.054 10.604 5.891
7.071 10.596 5.891
7.088 10.587 5.891
7.104 10.579 5.891
7.121 10.571 5.891
7.138 10.562 5.891
7.154 10.554 5.891
7.171 10.546 5.891
7.188 10.537 5.891
7.204 10.529 5.891
7.221 10.521 5.891
7.237 10.512 5.891
7.254 10.504 5.891
7.271 10.496 5.891
7.288 10.488 5.891
7.304 10.479 5.891
7.321 10.471 5.891
7.338 10.463 5.891
7.354 10.454 5.891
7.371 10.446 5.891
7.388 10.438 5.891
7.404 10.429 5.891
7.421 10.421 5.891
7.438 10.412 5.891
7.454 10.404 5.891
7.471 10.396 5.891
7.488 10.387 5.891
7.504 10.379 5.891
7.521 10.371 5.891
7.538 10.362 5.891
7.554 10.354 5.891
7.571 10.346 5.891
7.588 10.338 5.891
7.604 10.329 5.891
7.621 10.321 5.891
7.638 10.312 5.891
7.654 10.304 5.891
7.671 10.296 5.891
7.688 10.287 5.891
7.704 10.279 5.891
7.721 10.271 5.891
7.738 10.262 5.891
7.754 10.254 5.891
7.771 10.246 5.891
7.788 10.237 5.891
7.804 10.229 5.891
7.821 10.221 5.891
7.838 10.212 5.891
7.854 10.204 5.891
7.871 10.196 5.891
7.888 10.188 5.891
7.904 10.179 5.891
7.921 10.171 5.891
7.938 10.162 5.891
7.954 10.154 5.891
7.971 10.146 5.891
7.987 10.137 5.891
8.004 10.129 5.891
8.021 10.121 5.891
8.037 10.113 5.891
8.054 10.104 5.891
8.071 10.096 5.891
8.088 10.088 5.891
8.104 10.079 5.891
8.121 10.071 5.891
8.137 10.062 5.891
8.154 10.054 5.891
8.171 10.046 5.891
8.188 10.037 5.891
8.193 10.035 5.891
8.199 10.032 5.891
8.204 10.029 5.891
8.210 10.026 5.891
8.215 10.024 5.891
8.221 10.021 5.891
8.226 10.018 5.891
8.232 10.015 5.891
8.237 10.012 5.891
8.256 10.005 5.891
8.275 9.997 5.891
8.294 9.989 5.891
8.313 9.981 5.910
8.332 9.975 5.984
8.352 9.969 6.059
8.372 9.965 6.134
8.392 9.963 6.208
8.412 9.963 0.000
8.435 9.963 0.000
8.457 9.963 0.000
8.479 9.963 0.000
8.501 9.963 0.000
8.524 9.963 0.000
8.546 9.963 0.000
8.568 9.963 0.000
8.590 9.963 0.000
8.612 9.963 0.000
8.635 9.963 0.000
8.657 9.963 0.000
8.679 9.963 0.000
8.701 9.963 0.000
8.724 9.963 0.000
8.746 9.963 0.000
8.768 9.963 0.000
8.790 9.963 0.000
8.812 9.963 0.000
8.835 9.963 0.000
8.857 9.963 0.000
8.879 9.963 0.000
8.901 9.963 0.000
8.924 9.963 0.000
8.946 9.963 0.000
8.968 9.963 0.000
8.990 9.963 0.000
9.012 9.963 0.000
9.035 9.963 0.000
9.057 9.963 0.000
9.079 9.963 0.000
9.101 9.963 0.000
9.124 9.963 0.000
9.146 9.963 0.000
9.168 9.963 0.000
9.190 9.963 0.000
9.213 9.963 0.000
9.235 9.963 0.000
9.257 9.963 0.000
9.279 9.963 0.000
9.301 9.963 0.000
9.324 9.963 0.000
9.346 9.963 0.000
9.368 9.963 0.000
9.390 9.963 0.000
9.412 9.963 0.000
9.435 9.963 0.000
9.457 9.963 0.000
9.479 9.963 0.000
9.501 9.963 0.000
9.524 9.963 0.000
9.546 9.963 0.000
9.568 9.963 0.000
9.590 9.963 0.000
9.613 9.963 0.000
9.635 9.963 0.000
9.657 9.963 0.000
9.679 9.963 0.000
9.701 9.963 0.000
9.724 9.963 0.000
9.746 9.963 0.000
9.768 9.963 0.000
9.790 9.963 0.000
9.812 9.963 0.000
9.835 9.963 0.000
9.857 9.963 0.000
9.879 9.963 0.000
9.901 9.963 0.000
9.924 9.963 0.000
9.946 9.963 0.000
9.968 9.963 0.000
9.990 9.963 0.000
10.012 9.963 0.000
10.035 9.963 0.000
10.057 9.963 0.000
10.079 9.963 0.000
10.101 9.963 0.000
10.124 9.963 0.000
10.146 9.963 0.000
10.168 9.963 0.000
10.190 9.963 0.000
10.213 9.963 0.000
10.235 9.963 0.000
10.257 9.963 0.000
10.279 9.963 0.000
10.301 9.963 0.000
10.324 9.963 0.000
10.346 9.963 0.000
10.368 9.963 0.000
10.390 9.963 0.000
10.412 9.963 0.000
10.435 9.963 0.000
10.457 9.963 0.000
10.479 9.963 0.000
10.501 9.963 0.000
10.524 9.963 0.000
10.546 9.963 0.000
10.568 9.963 0.000
10.590 9.963 0.000
10.613 9.963 0.000
10.635 9.963 0.000
10.657 9.963 0.000
10.679 9.963 0.000
10.701 9.963 0.000
10.724 9.963 0.000
10.746 9.963 0.000
10.768 9.963 0.000
10.790 9.963 0.000
10.812 9.963 0.000
10.815 9.963 0.000
10.818 9.963 0.000
10.821 9.963 0.000
10.824 9.963 0.000
10.826 9.963 0.000
10.829 9.963 0.000
10.832 9.963 0.000
10.835 9.963 0.000
10.838 9.963 0.000
10.840 9.963 0.000
10.843 9.963 0.000
10.846 9.963 0.000
10.849 9.963 0.000
10.851 9.963 0.000
10.854 9.963 0.000
10.857 9.963 0.000
10.860 9.963 0.000
10.863 9.963 0.000
10.885 9.963 0.000
10.908 9.963 0.000
10.930 9.963 0.000
10.953 9.963 0.049
10.975 9.965 0.118
10.998 9.968 0.186
11.020 9.973 0.255
11.041 9.980 0.324
11.062 9.988 0.393
11.079 9.996 0.393
11.096 10.004 0.393
11.113 10.013 0.393
11.129 10.021 0.393
11.146 10.029 0.393
11.162 10.038 0.393
11.179 10.046 0.393
11.196 10.054 0.393
11.213 10.062 0.393
11.229 10.071 0.393
11.246 10.079 0.393
11.263 10.088 0.393
11.279 10.096 0.393
11.296 10.104 0.393
11.312 10.113 0.393
11.329 10.121 0.393
11.346 10.129 0.393
11.363 10.137 0.393
11.379 10.146 0.393
11.396 10.154 0.393
11.413 10.162 0.393
11.429 10.171 0.393
11.446 10.179 0.393
11.463 10.188 0.393
11.479 10.196 0.393
11.496 10.204 0.393
11.512 10.213 0.393
11.529 10.221 0.393
11.546 10.229 0.393
11.562 10.238 0.393
11.579 10.246 0.393
11.596 10.254 0.393
11.612 10.263 0.393
11.629 10.271 0.393
11.646 10.279 0.393
11.662 10.287 0.393
11.679 10.296 0.393
11.696 10.304 0.393
11.713 10.312 0.393
11.729 10.321 0.393
11.746 10.329 0.393
11.762 10.338 0.393
11.779 10.346 0.393
11.796 10.354 0.393
11.812 10.363 0.393
11.829 10.371 0.393
11.846 10.379 0.393
11.863 10.388 0.393
11.879 10.396 0.393
11.896 10.404 0.393
11.912 10.413 0.393
11.929 10.421 0.393
11.946 10.429 0.393
11.963 10.438 0.393
11.979 10.446 0.393
11.996 10.454 0.393
12.013 10.463 0.393
12.029 10.471 0.393
12.046 10.479 0.393
12.062 10.488 0.393
12.079 10.496 0.393
12.096 10.504 0.393
12.113 10.512 0.393
12.118 10.515 0.393
12.124 10.518 0.393
12.129 10.521 0.393
12.135 10.524 0.393
12.140 10.526 0.393
12.146 10.529 0.393
12.151 10.532 0.393
12.157 10.535 0.393
12.162 10.537 0.393
12.177 10.547 0.423
12.192 10.556 0.453
12.207 10.567 0.484
12.221 10.577 0.514
12.235 10.588 0.544
12.248 10.600 0.575
12.262 10.612 0.605
12.275 10.625 0.635
12.287 10.637 0.785
12.304 10.654 0.785
12.321 10.671 0.785
12.338 10.688 0.785
12.354 10.704 0.785
12.371 10.721 0.785
12.387 10.737 0.785
12.404 10.754 0.785
12.421 10.771 0.785
12.438 10.787 0.785
12.454 10.804 0.785
12.471 10.821 0.785
12.488 10.838 0.785
12.504 10.854 0.785
12.521 10.871 0.785
12.537 10.887 0.785
12.554 10.904 0.785
12.571 10.921 0.785
12.588 10.938 0.785
12.604 10.954 0.785
12.621 10.971 0.785
12.638 10.988 0.785
12.654 11.004 0.785
12.671 11.021 0.785
12.688 11.037 0.785
12.704 11.054 0.785
12.721 11.071 0.785
12.738 11.088 0.785
12.754 11.104 0.785
12.771 11.121 0.785
12.788 11.138 0.785
12.804 11.154 0.785
12.821 11.171 0.785
12.838 11.188 0.785
12.854 11.204 0.785
12.871 11.221 0.785
12.887 11.238 0.785
12.904 11.254 0.785
12.921 11.271 0.785
12.938 11.288 0.785
12.954 11.304 0.785
12.971 11.321 0.785
12.987 11.338 0.785
13.004 11.354 0.785
13.021 11.371 0.785
13.037 11.387 0.785
13.054 11.404 0.785
13.071 11.421 0.785
13.088 11.438 0.785
13.104 11.454 0.785
13.121 11.471 0.785
13.137 11.487 0.785
13.154 11.504 0.785
13.171 11.521 0.785
13.188 11.537 0.785
13.204 11.554 0.785
13.221 11.572 0.815
13.238 11.590 0.867
13.253 11.608 0.919
13.267 11.628 0.971
13.280 11.648 1.022
13.292 11.669 1.074
13.303 11.691 1.126
13.312 11.713 1.178
13.321 11.729 1.178
13.329 11.746 1.178
13.338 11.763 1.178
13.346 11.779 1.178
13.354 11.796 1.178
13.363 11.812 1.178
13.371 11.829 1.178
13.379 11.846 1.178
13.387 11.863 1.178
13.396 11.879 1.178
13.404 11.896 1.178
13.412 11.913 1.178
13.421 11.929 1.178
13.429 11.946 1.178
13.438 11.963 1.178
13.446 11.979 1.178
13.454 11.996 1.178
13.463 12.012 1.178
13.471 12.029 1.178
13.479 12.046 1.178
13.488 12.062 1.178
13.496 12.079 1.178
13.504 12.096 1.178
13.513 12.112 1.178
13.521 12.129 1.178
13.529 12.146 1.178
13.537 12.162 1.178
13.546 12.179 1.178
13.554 12.196 1.178
13.562 12.213 1.178
13.571 12.229 1.178
13.579 12.246 1.178
13.588 12.262 1.178
13.596 12.279 1.178
13.604 12.296 1.178
13.613 12.312 1.178
13.621 12.329 1.178
13.629 12.346 1.178
13.638 12.363 1.178
13.646 12.379 1.178
13.654 12.396 1.178
13.663 12.412 1.178
13.671 12.429 1.178
13.679 12.446 1.178
13.688 12.463 1.178
13.696 12.479 1.178
13.704 12.496 1.178
13.713 12.513 1.178
13.721 12.529 1.178
13.729 12.546 1.178
13.738 12.562 1.178
13.746 12.579 1.178
13.754 12.596 1.178
13.762 12.613 1.178
13.765 12.618 1.178
13.768 12.624 1.178
13.771 12.629 1.178
13.774 12.635 1.178
13.776 12.640 1.178
13.779 12.646 1.178
13.782 12.651 1.178
13.785 12.657 1.178
13.787 12.662 1.178
13.795 12.681 1.178
13.803 12.700 1.178
13.811 12.719 1.178
13.819 12.738 1.197
13.825 12.757 1.272
13.831 12.777 1.347
13.835 12.797 1.421
13.837 12.817 1.496
13.838 12.838 1.571
13.838 12.860 1.571
13.838 12.882 1.571
13.838 12.904 1.571
13.838 12.926 1.571
13.838 12.949 1.571
13.838 12.971 1.571
13.838 12.993 1.571
13.838 13.015 1.571
13.838 13.037 1.571
13.838 13.060 1.571
13.838 13.082 1.571
13.838 13.104 1.571
13.838 13.126 1.571
13.838 13.149 1.571
13.838 13.171 1.571
13.838 13.193 1.571
13.838 13.215 1.571
13.838 13.238 1.571
13.838 13.260 1.571
13.838 13.282 1.571
13.838 13.304 1.571
13.838 13.326 1.571
13.838 13.349 1.571
13.838 13.371 1.571
13.838 13.393 1.571
13.838 13.415 1.571
13.838 13.438 1.571
13.838 13.460 1.571
13.838 13.482 1.571
13.838 13.504 1.571
13.838 13.526 1.571
13.838 13.549 1.571
13.838 13.571 1.571
13.838 13.593 1.571
13.838 13.615 1.571
13.838 13.637 1.571
13.838 13.660 1.571
13.838 13.682 1.571
13.838 13.704 1.571
13.838 13.726 1.571
13.838 13.749 1.571
13.838 13.771 1.571
13.838 13.793 1.571
13.838 13.815 1.571
13.838 13.838 1.571
13.838 13.860 1.571
13.838 13.882 1.571
13.838 13.904 1.571
13.838 13.926 1.571
13.838 13.949 1.571
13.838 13.971 1.571
13.838 13.993 1.571
13.838 14.015 1.571
13.838 14.037 1.571
13.838 14.060 1.571
13.838 14.082 1.571
13.838 14.104 1.571
13.838 14.126 1.571
13.838 14.149 1.571
13.838 14.171 1.571
13.838 14.193 1.571
13.838 14.215 1.571
13.838 14.238 1.571
13.838 14.260 1.571
13.838 14.282 1.571
13.838 14.304 1.571
13.838 14.326 1.571
13.838 14.349 1.571
13.838 14.371 1.571
13.838 14.393 1.571
13.838 14.415 1.571
13.838 14.438 1.571
13.838 14.460 1.571
13.838 14.482 1.571
13.838 14.504 1.571
13.838 14.526 1.571
13.838 14.549 1.571
13.838 14.571 1.571
13.838 14.593 1.571
13.838 14.615 1.571
13.838 14.637 1.571
13.838 14.660 1.571
13.838 14.682 1.571
13.838 14.704 1.571
13.838 14.726 1.571
13.838 14.749 1.571
13.838 14.771 1.571
13.838 14.793 1.571
13.838 14.815 1.571
13.838 14.838 1.571
13.838 14.860 1.571
13.838 14.882 1.571
13.838 14.904 1.571
13.838 14.926 1.571
13.838 14.949 1.571
13.838 14.971 1.571
13.838 14.993 1.571
13.838 15.015 1.571
13.838 15.037 1.571
13.838 15.060 1.571
13.838 15.082 1.571
13.838 15.104 1.571
13.838 15.126 1.571
13.838 15.149 1.571
13.838 15.171 1.571
13.838 15.193 1.571
13.838 15.215 1.571
13.838 15.238 1.571
13.838 15.260 1.571
13.838 15.282 1.571
13.838 15.304 1.571
13.838 15.326 1.571
13.838 15.349 1.571
13.838 15.371 1.571
13.838 15.393 1.571
13.838 15.415 1.571
13.838 15.438 1.571
13.838 15.460 1.571
13.838 15.482 1.571
13.838 15.504 1.571
13.838 15.526 1.571
13.838 15.549 1.571
13.838 15.571 1.571
13.838 15.593 1.571
13.838 15.615 1.571
13.838 15.637 1.571
13.838 15.660 1.571
13.838 15.682 1.571
13.838 15.704 1.571
13.838 15.726 1.571
13.838 15.749 1.571
13.838 15.771 1.571
13.838 15.793 1.571
13.838 15.815 1.571
13.838 15.838 1.571
13.838 15.860 1.571
13.838 15.882 1.571
13.838 15.904 1.571
13.838 15.926 1.571
13.838 15.949 1.571
13.838 15.971 1.571
13.838 15.993 1.571
13.838 16.015 1.571
13.838 16.038 1.571
13.838 16.060 1.571
13.838 16.082 1.571
13.838 16.104 1.571
13.838 16.126 1.571
13.838 16.149 1.571
13.838 16.171 1.571
13.838 16.193 1.571
13.838 16.215 1.571
13.838 16.238 1.571
13.838 16.260 1.571
13.838 16.282 1.571
13.838 16.304 1.571
13.838 16.326 1.571
13.838 16.349 1.571
13.838 16.371 1.571
13.838 16.393 1.571
13.838 16.415 1.571
13.838 16.438 1.571
13.838 16.460 1.571
13.838 16.482 1.571
13.838 16.504 1.571
13.838 16.526 1.571
13.838 16.549 1.571
13.838 16.571 1.571
13.838 16.593 1.571
13.838 16.615 1.571
13.838 16.637 1.571
13.838 16.660 1.571
13.838 16.682 1.571
13.838 16.704 1.571
13.838 16.726 1.571
13.838 16.749 1.571
13.838 16.771 1.571
13.838 16.793 1.571
13.838 16.815 1.571
13.838 16.837 1.571
13.838 16.860 1.571
13.838 16.882 1.571
13.838 16.904 1.571
13.838 16.926 1.571
13.838 16.949 1.571
13.838 16.971 1.571
13.838 16.993 1.571
13.838 17.015 1.571
13.838 17.038 1.571
13.838 17.060 1.571
13.838 17.082 1.571
13.838 17.104 1.571
13.838 17.126 1.571
13.838 17.149 1.571
13.838 17.171 1.571
13.838 17.193 1.571
13.838 17.215 1.571
13.838 17.238 1.571
13.838 17.260 1.571
13.838 17.282 1.571
13.838 17.304 1.571
13.838 17.326 1.571
13.838 17.349 1.571
13.838 17.371 1.571
13.838 17.393 1.571
13.838 17.415 1.571
13.838 17.438 1.571
13.838 17.460 1.571
13.838 17.482 1.571
13.838 17.504 1.571
13.838 17.526 1.571
13.838 17.549 1.571
13.838 17.571 1.571
13.838 17.593 1.571
13.838 17.615 1.571
13.838 17.637 1.571
13.838 17.660 1.571
13.838 17.682 1.571
13.838 17.704 1.571
13.838 17.726 1.571
13.838 17.749 1.571
13.838 17.771 1.571
13.838 17.793 1.571
13.838 17.815 1.571
13.838 17.837 1.571
13.838 17.860 1.571
13.838 17.882 1.571
13.838 17.904 1.571
13.838 17.926 1.571
13.838 17.949 1.571
13.838 17.971 1.571
13.838 17.993 1.571
13.838 18.015 1.571
13.838 18.038 1.571
13.838 18.060 1.571
13.838 18.082 1.571
13.838 18.104 1.571
13.838 18.126 1.571
13.838 18.149 1.571
13.838 18.171 1.571
13.838 18.193 1.571
13.838 18.215 1.571
13.838 18.238 1.571
13.838 18.260 1.571
13.838 18.282 1.571
13.838 18.304 1.571
13.838 18.326 1.571
13.838 18.349 1.571
13.838 18.371 1.571
13.838 18.393 1.571
13.838 18.415 1.571
13.838 18.438 1.571
13.838 18.460 1.571
13.838 18.482 1.571
13.838 18.504 1.571
13.838 18.526 1.571
13.838 18.549 1.571
13.838 18.571 1.571
13.838 18.593 1.571
13.838 18.615 1.571
13.838 18.637 1.571
13.838 18.660 1.571
13.838 18.682 1.571
13.838 18.704 1.571
13.838 18.726 1.571
13.838 18.749 1.571
13.838 18.771 1.571
13.838 18.793 1.571
13.838 18.815 1.571
13.838 18.837 1.571
13.838 18.860 1.571
13.838 18.882 1.571
13.838 18.904 1.571
13.838 18.926 1.571
13.838 18.949 1.571
13.838 18.971 1.571
13.838 18.993 1.571
13.838 19.015 1.571
13.838 19.038 1.571
13.838 19.060 1.571
13.838 19.082 1.571
13.838 19.104 1.571
13.838 19.126 1.571
13.838 19.149 1.571
13.838 19.171 1.571
13.838 19.193 1.571
13.838 19.215 1.571
13.838 19.238 1.571
13.838 19.260 1.571
13.838 19.282 1.571
13.838 19.304 1.571
13.838 19.326 1.571
13.838 19.349 1.571
13.838 19.371 1.571
13.838 19.393 1.571
13.838 19.415 1.571
13.838 19.438 1.571
13.838 19.460 1.571
13.838 19.482 1.571
13.838 19.504 1.571
13.838 19.526 1.571
13.838 19.549 1.571
13.838 19.571 1.571
13.838 19.593 1.571
13.838 19.615 1.571
13.838 19.637 1.571
13.838 19.660 1.571
13.838 19.682 1.571
13.838 19.704 1.571
13.838 19.726 1.571
13.838 19.749 1.571
13.838 19.771 1.571
13.838 19.793 1.571
13.838 19.815 1.571
13.838 19.838 1.571
13.838 19.860 1.571
13.838 19.882 1.571
13.838 19.904 1.571
13.838 19.926 1.571
13.838 19.949 1.571
13.838 19.971 1.571
13.838 19.993 1.571
13.838 20.015 1.571
13.838 20.038 1.571
13.838 20.060 1.571
13.838 20.082 1.571
13.838 20.104 1.571
13.838 20.126 1.571
13.838 20.149 1.571
13.838 20.171 1.571
13.838 20.193 1.571
13.838 20.215 1.571
13.838 20.238 1.571
13.838 20.260 1.571
13.838 20.282 1.571
13.838 20.304 1.571
13.838 20.326 1.571
13.838 20.349 1.571
13.838 20.371 1.571
13.838 20.393 1.571
13.838 20.415 1.571
13.838 20.438 1.571
13.838 20.460 1.571
13.838 20.482 1.571
13.838 20.504 1.571
13.838 20.526 1.571
13.838 20.549 1.571
13.838 20.571 1.571
13.838 20.593 1.571
13.838 20.615 1.571
13.838 20.637 1.571
13.838 20.660 1.571
13.838 20.682 1.571
13.838 20.704 1.571
13.838 20.726 1.571
13.838 20.749 1.571
13.838 20.771 1.571
13.838 20.793 1.571
13.838 20.815 1.571
13.838 20.838 1.571
13.838 20.860 1.571
13.838 20.882 1.571
13.838 20.904 1.571
13.838 20.926 1.571
13.838 20.949 1.571
13.838 20.971 1.571
13.838 20.993 1.571
13.838 21.015 1.571
13.838 21.038 1.571
13.838 21.060 1.571
13.838 21.082 1.571
13.838 21.104 1.571
13.838 21.126 1.571
13.838 21.149 1.571
13.838 21.171 1.571
13.838 21.193 1.571
13.838 21.215 1.571
13.838 21.238 1.571
13.838 21.260 1.571
13.838 21.282 1.571
13.838 21.304 1.571
13.838 21.326 1.571
13.838 21.349 1.571
13.838 21.371 1.571
13.838 21.393 1.571
13.838 21.415 1.571
13.838 21.438 1.571
13.838 21.460 1.571
13.838 21.482 1.571
13.838 21.504 1.571
13.838 21.526 1.571
13.838 21.549 1.571
13.838 21.571 1.571
13.838 21.593 1.571
13.838 21.615 1.571
13.838 21.637 1.571
13.838 21.660 1.571
13.838 21.682 1.571
13.838 21.704 1.571
13.838 21.726 1.571
13.838 21.749 1.571
13.838 21.771 1.571
13.838 21.793 1.571
13.838 21.815 1.571
13.838 21.838 1.571
13.838 21.860 1.571
13.838 21.882 1.571
13.838 21.904 1.571
13.838 21.926 1.571
13.838 21.949 1.571
13.838 21.971 1.571
13.838 21.993 1.571
13.838 22.015 1.571
13.838 22.038 1.571
13.838 22.060 1.571
13.838 22.082 1.571
13.838 22.104 1.571
13.838 22.126 1.571
13.838 22.149 1.571
13.838 22.171 1.571
13.838 22.193 1.571
13.838 22.215 1.571
13.838 22.238 1.571
13.838 22.260 1.571
13.838 22.282 1.571
13.838 22.304 1.571
13.838 22.326 1.571
13.838 22.349 1.571
13.838 22.371 1.571
13.838 22.393 1.571
13.838 22.415 1.571
13.838 22.438 1.571
13.838 22.440 1.571
13.838 22.443 1.571
13.838 22.446 1.571
13.838 22.449 1.571
13.838 22.451 1.571
13.838 22.454 1.571
13.838 22.457 1.571
13.838 22.460 1.571
13.838 22.463 1.571
13.838 22.485 1.571
13.838 22.508 1.571
13.838 22.530 1.571
13.838 22.553 1.522
13.840 22.575 1.453
13.843 22.598 1.384
13.848 22.620 1.316
13.855 22.641 1.247
13.863 22.663 1.178
13.865 22.668 1.178
13.868 22.674 1.178
13.871 22.679 1.178
13.874 22.685 1.178
13.876 22.690 1.178
13.879 22.696 1.178
13.882 22.701 1.178
13.885 22.707 1.178
13.887 22.713 1.178
13.896 22.729 1.178
13.904 22.746 1.178
13.912 22.763 1.178
13.921 22.779 1.178
13.929 22.796 1.178
13.938 22.813 1.178
13.946 22.829 1.178
13.954 22.846 1.178
13.963 22.863 1.178
13.971 22.879 1.178
13.979 22.896 1.178
13.988 22.913 1.178
13.996 22.929 1.178
14.004 22.946 1.178
14.013 22.963 1.178
14.021 22.979 1.178
14.029 22.996 1.178
14.037 23.012 1.178
14.046 23.029 1.178
14.054 23.046 1.178
14.062 23.062 1.178
14.071 23.079 1.178
14.079 23.096 1.178
14.088 23.113 1.178
14.096 23.129 1.178
14.104 23.146 1.178
14.113 23.163 1.178
14.121 23.179 1.178
14.129 23.196 1.178
14.138 23.213 1.178
14.146 23.229 1.178
14.154 23.246 1.178
14.163 23.263 1.178
14.171 23.279 1.178
14.179 23.296 1.178
14.188 23.312 1.178
14.196 23.329 1.178
14.204 23.346 1.178
14.213 23.363 1.178
14.221 23.379 1.178
14.229 23.396 1.178
14.238 23.413 1.178
14.246 23.429 1.178
14.254 23.446 1.178
14.262 23.463 1.178
14.271 23.479 1.178
14.279 23.496 1.178
14.287 23.513 1.178
14.296 23.529 1.178
14.304 23.546 1.178
14.312 23.563 1.178
14.321 23.579 1.178
14.329 23.596 1.178
14.338 23.613 1.178
14.346 23.629 1.178
14.354 23.646 1.178
14.363 23.663 1.178
14.371 23.679 1.178
14.379 23.696 1.178
14.388 23.713 1.178
14.396 23.729 1.178
14.404 23.746 1.178
14.412 23.762 1.178
14.421 23.779 1.178
14.429 23.796 1.178
14.438 23.812 1.178
14.446 23.829 1.178
14.454 23.846 1.178
14.463 23.863 1.178
14.471 23.879 1.178
14.479 23.896 1.178
14.488 23.913 1.178
14.496 23.929 1.178
14.504 23.946 1.178
14.513 23.963 1.178
14.521 23.979 1.178
14.529 23.996 1.178
14.538 24.013 1.178
14.546 24.029 1.178
14.554 24.046 1.178
14.562 24.062 1.178
14.571 24.079 1.178
14.579 24.096 1.178
14.588 24.113 1.178
14.596 24.129 1.178
14.604 24.146 1.178
14.613 24.163 1.178
14.621 24.179 1.178
14.629 24.196 1.178
14.637 24.213 1.178
14.646 24.229 1.178
14.654 24.246 1.178
14.662 24.263 1.178
14.671 24.279 1.178
14.679 24.296 1.178
14.688 24.313 1.178
14.696 24.329 1.178
14.704 24.346 1.178
14.713 24.363 1.178
14.721 24.379 1.178
14.729 24.396 1.178
14.738 24.413 1.178
14.746 24.429 1.178
14.754 24.446 1.178
14.763 24.463 1.178
14.771 24.479 1.178
14.779 24.496 1.178
14.787 24.512 1.178
14.796 24.529 1.178
14.804 24.546 1.178
14.812 24.562 1.178
14.821 24.579 1.178
14.829 24.596 1.178
14.838 24.613 1.178
14.846 24.629 1.178
14.854 24.646 1.178
14.863 24.663 1.178
14.871 24.679 1.178
14.879 24.696 1.178
14.888 24.713 1.178
14.896 24.729 1.178
14.904 24.746 1.178
14.913 24.763 1.178
14.921 24.779 1.178
14.929 24.796 1.178
14.938 24.812 1.178
14.946 24.829 1.178
14.954 24.846 1.178
14.963 24.863 1.178
14.971 24.879 1.178
14.979 24.896 1.178
14.988 24.913 1.178
14.996 24.929 1.178
15.004 24.946 1.178
15.012 24.963 1.178
15.021 24.979 1.178
15.029 24.996 1.178
15.037 25.013 1.178
15.046 25.029 1.178
15.054 25.046 1.178
15.062 25.063 1.178
15.071 25.079 1.178
15.079 25.096 1.178
15.088 25.113 1.178
15.096 25.129 1.178
15.104 25.146 1.178
15.113 25.163 1.178
15.121 25.179 1.178
15.129 25.196 1.178
15.138 25.213 1.178
15.146 25.229 1.178
15.154 25.246 1.178
15.162 25.262 1.178
15.171 25.279 1.178
15.179 25.296 1.178
15.188 25.312 1.178
15.196 25.329 1.178
15.204 25.346 1.178
15.213 25.363 1.178
15.221 25.379 1.178
15.229 25.396 1.178
15.238 25.413 1.178
15.240 25.418 1.178
15.243 25.424 1.178
15.246 25.429 1.178
15.249 25.435 1.178
15.251 25.440 1.178
15.254 25.446 1.178
15.257 25.451 1.178
15.260 25.457 1.178
15.262 25.463 1.178
15.272 25.477 1.148
15.281 25.492 1.117
15.292 25.507 1.087
15.302 25.521 1.057
15.313 25.535 1.027
15.325 25.548 0.996
15.337 25.562 0.966
15.350 25.575 0.936
15.363 25.588 0.785
15.379 25.604 0.785
15.396 25.621 0.785
15.413 25.638 0.785
15.429 25.654 0.785
15.446 25.671 0.785
15.463 25.688 0.785
15.479 25.704 0.785
15.496 25.721 0.785
15.512 25.738 0.785
15.529 25.754 0.785
15.546 25.771 0.785
15.562 25.788 0.785
15.579 25.804 0.785
15.596 25.821 0.785
15.612 25.838 0.785
15.629 25.854 0.785
15.646 25.871 0.785
15.662 25.887 0.785
15.679 25.904 0.785
15.696 25.921 0.785
15.713 25.938 0.785
15.729 25.954 0.785
15.746 25.971 0.785
15.762 25.988 0.785
15.779 26.004 0.785
15.796 26.021 0.785
15.812 26.038 0.785
15.829 26.054 0.785
15.846 26.071 0.785
15.863 26.088 0.785
15.879 26.104 0.785
15.896 26.121 0.785
15.912 26.138 0.785
15.929 26.154 0.785
15.946 26.171 0.785
15.963 26.188 0.785
15.979 26.204 0.785
15.996 26.221 0.785
16.012 26.238 0.785
16.029 26.254 0.785
16.046 26.271 0.785
16.062 26.288 0.785
16.079 26.304 0.785
16.096 26.321 0.785
16.113 26.338 0.785
16.115 26.340 0.785
16.118 26.343 0.785
16.121 26.346 0.785
16.124 26.349 0.785
16.126 26.351 0.785
16.129 26.354 0.785
16.132 26.357 0.785
16.135 26.360 0.785
16.137 26.363 0.785
16.140 26.365 0.785
16.143 26.368 0.785
16.146 26.371 0.785
16.149 26.374 0.785
16.151 26.376 0.785
16.154 26.379 0.785
16.157 26.382 0.785
16.160 26.385 0.785
16.163 26.387 0.785
16.165 26.390 0.785
16.168 26.393 0.785
16.171 26.396 0.785
16.174 26.399 0.785
16.176 26.401 0.785
16.179 26.404 0.785
16.182 26.407 0.785
16.185 26.410 0.785
16.188 26.413 0.785
16.204 26.430 0.785
16.221 26.447 0.815
16.238 26.465 0.867
16.253 26.483 0.919
16.267 26.503 0.971
16.280 26.523 1.022
16.292 26.544 1.074
16.303 26.566 1.126
16.312 26.588 1.178
16.321 26.604 1.178
16.329 26.621 1.178
16.337 26.638 1.178
16.346 26.654 1.178
16.354 26.671 1.178
16.363 26.688 1.178
16.371 26.704 1.178
16.379 26.721 1.178
16.387 26.738 1.178
16.396 26.754 1.178
16.404 26.771 1.178
16.412 26.788 1.178
16.421 26.804 1.178
16.429 26.821 1.178
16.438 26.838 1.178
16.446 26.854 1.178
16.454 26.871 1.178
16.462 26.887 1.178
16.471 26.904 1.178
16.479 26.921 1.178
16.487 26.938 1.178
16.496 26.954 1.178
16.504 26.971 1.178
16.512 26.988 1.178
16.521 27.004 1.178
16.529 27.021 1.178
16.538 27.038 1.178
16.546 27.054 1.178
16.554 27.071 1.178
16.562 27.088 1.178
16.571 27.104 1.178
16.579 27.121 1.178
16.588 27.138 1.178
16.596 27.154 1.178
16.604 27.171 1.178
16.613 27.188 1.178
16.621 27.204 1.178
16.629 27.221 1.178
16.637 27.238 1.178
16.646 27.254 1.178
16.654 27.271 1.178
16.663 27.288 1.178
16.671 27.304 1.178
16.679 27.321 1.178
16.688 27.338 1.178
16.696 27.354 1.178
16.704 27.371 1.178
16.712 27.388 1.178
16.721 27.404 1.178
16.729 27.421 1.178
16.738 27.438 1.178
16.746 27.454 1.178
16.754 27.471 1.178
16.762 27.488 1.178
16.765 27.493 1.178
16.768 27.499 1.178
16.771 27.504 1.178
16.774 27.510 1.178
16.776 27.515 1.178
16.779 27.521 1.178
16.782 27.526 1.178
16.785 27.532 1.178
16.788 27.538 1.178
16.795 27.556 1.178
16.803 27.575 1.178
16.811 27.594 1.178
16.819 27.613 1.197
16.825 27.632 1.272
16.831 27.652 1.347
16.835 27.672 1.421
16.837 27.692 1.496
16.837 27.713 1.571
16.837 27.735 1.571
16.837 27.757 1.571
16.837 27.779 1.571
16.837 27.801 1.571
16.837 27.824 1.571
16.837 27.846 1.571
16.837 27.868 1.571
16.837 27.890 1.571
16.837 27.913 1.571
16.837 27.935 1.571
16.837 27.957 1.571
16.837 27.979 1.571
16.837 28.001 1.571
16.837 28.024 1.571
16.837 28.046 1.571
16.837 28.068 1.571
16.837 28.090 1.571
16.837 28.113 1.571
16.837 28.135 1.571
16.837 28.157 1.571
16.837 28.179 1.571
16.837 28.201 1.571
16.837 28.224 1.571
16.837 28.246 1.571
16.837 28.268 1.571
16.837 28.290 1.571
16.837 28.312 1.571
16.837 28.335 1.571
16.837 28.357 1.571
16.837 28.379 1.571
16.837 28.401 1.571
16.837 28.424 1.571
16.837 28.446 1.571
16.837 28.468 1.571
16.837 28.490 1.571
16.837 28.512 1.571
16.837 28.535 1.571
16.837 28.557 1.571
16.837 28.579 1.571
16.837 28.601 1.571
16.837 28.624 1.571
16.837 28.646 1.571
16.837 28.668 1.571
16.837 28.690 1.571
16.837 28.713 1.571
16.837 28.735 1.571
16.837 28.757 1.571
16.837 28.779 1.571
16.837 28.801 1.571
16.837 28.824 1.571
16.837 28.846 1.571
16.837 28.868 1.571
16.837 28.890 1.571
16.837 28.913 1.571
16.837 28.935 1.571
16.837 28.957 1.571
16.837 28.979 1.571
16.837 29.001 1.571
16.837 29.024 1.571
16.837 29.046 1.571
16.837 29.068 1.571
16.837 29.090 1.571
16.837 29.113 1.571
16.837 29.135 1.571
16.837 29.157 1.571
16.837 29.179 1.571
16.837 29.201 1.571
16.837 29.224 1.571
16.837 29.246 1.571
16.837 29.268 1.571
16.837 29.290 1.571
16.837 29.312 1.571
16.837 29.335 1.571
16.837 29.357 1.571
16.837 29.379 1.571
16.837 29.401 1.571
16.837 29.424 1.571
16.837 29.446 1.571
16.837 29.468 1.571
16.837 29.490 1.571
16.837 29.512 1.571
16.837 29.535 1.571
16.837 29.557 1.571
16.837 29.579 1.571
16.837 29.601 1.571
16.837 29.624 1.571
16.837 29.646 1.571
16.837 29.668 1.571
16.837 29.690 1.571
16.837 29.713 1.571
16.837 29.715 1.571
16.837 29.718 1.571
16.837 29.721 1.571
16.837 29.724 1.571
16.837 29.726 1.571
16.837 29.729 1.571
16.837 29.732 1.571
16.837 29.735 1.571
16.837 29.738 1.571
16.837 29.740 1.571
16.837 29.743 1.571
16.837 29.746 1.571
16.837 29.749 1.571
16.837 29.751 1.571
16.837 29.754 1.571
16.837 29.757 1.571
16.837 29.760 1.571
16.837 29.762 1.571
16.837 29.785 1.571
16.837 29.808 1.571
16.837 29.830 1.571
16.838 29.853 1.522
16.840 29.875 1.453
16.843 29.898 1.384
16.848 29.920 1.316
16.855 29.941 1.247
16.863 29.963 1.178
16.871 29.979 1.178
16.879 29.996 1.178
16.887 30.013 1.178
16.896 30.029 1.178
16.904 30.046 1.178
16.913 30.063 1.178
16.921 30.079 1.178
16.929 30.096 1.178
16.938 30.113 1.178
16.946 30.129 1.178
16.954 30.146 1.178
16.962 30.163 1.178
16.971 30.179 1.178
16.979 30.196 1.178
16.988 30.213 1.178
16.996 30.229 1.178
17.004 30.246 1.178
17.012 30.262 1.178
17.021 30.279 1.178
17.029 30.296 1.178
17.037 30.312 1.178
17.046 30.329 1.178
17.054 30.346 1.178
17.062 30.363 1.178
17.071 30.379 1.178
17.079 30.396 1.178
17.087 30.413 1.178
17.096 30.429 1.178
17.104 30.446 1.178
17.112 30.463 1.178
17.121 30.479 1.178
17.129 30.496 1.178
17.137 30.513 1.178
17.146 30.529 1.178
17.154 30.546 1.178
17.163 30.562 1.178
17.171 30.579 1.178
17.179 30.596 1.178
17.188 30.613 1.178
17.196 30.629 1.178
17.204 30.646 1.178
17.213 30.663 1.178
17.221 30.679 1.178
17.229 30.696 1.178
17.238 30.713 1.178
17.246 30.729 1.178
17.254 30.746 1.178
17.262 30.763 1.178
17.271 30.779 1.178
17.279 30.796 1.178
17.288 30.813 1.178
17.296 30.829 1.178
17.304 30.846 1.178
17.312 30.863 1.178
17.321 30.879 1.178
17.329 30.896 1.178
17.337 30.913 1.178
17.346 30.929 1.178
17.354 30.946 1.178
17.363 30.963 1.178
17.371 30.979 1.178
17.379 30.996 1.178
17.387 31.012 1.178
17.390 31.018 1.178
17.393 31.024 1.178
17.396 31.029 1.178
17.399 31.035 1.178
17.401 31.040 1.178
17.404 31.046 1.178
17.407 31.051 1.178
17.410 31.057 1.178
17.413 31.062 1.178
17.420 31.081 1.178
17.428 31.100 1.178
17.436 31.119 1.178
17.444 31.138 1.197
17.450 31.157 1.272
17.456 31.177 1.347
17.460 31.197 1.421
17.462 31.217 1.496
17.462 31.238 1.571
17.462 31.260 1.571
17.462 31.282 1.571
17.462 31.304 1.571
17.462 31.326 1.571
17.462 31.349 1.571
17.462 31.371 1.571
17.462 31.393 1.571
17.462 31.415 1.571
17.462 31.438 1.571
17.462 31.460 1.571
17.462 31.482 1.571
17.462 31.504 1.571
17.462 31.526 1.571
17.462 31.549 1.571
17.462 31.571 1.571
17.462 31.593 1.571
17.462 31.615 1.571
17.462 31.637 1.571
17.462 31.640 1.571
17.462 31.643 1.571
17.462 31.646 1.571
17.462 31.649 1.571
17.462 31.651 1.571
17.462 31.654 1.571
17.462 31.657 1.571
17.462 31.660 1.571
17.462 31.663 1.571
17.462 31.685 1.571
17.462 31.707 1.571
17.462 31.729 1.571
17.462 31.751 1.571
17.462 31.774 1.571
17.462 31.796 1.571
17.462 31.818 1.571
17.462 31.840 1.571
17.462 31.863 1.571
17.462 31.865 1.571
17.462 31.868 1.571
17.462 31.871 1.571
17.462 31.874 1.571
17.462 31.876 1.571
17.462 31.879 1.571
17.462 31.882 1.571
17.462 31.885 1.571
17.462 31.887 1.571
17.462 31.890 1.571
17.462 31.893 1.571
17.462 31.896 1.571
17.462 31.899 1.571
17.462 31.901 1.571
17.462 31.904 1.571
17.462 31.907 1.571
17.462 31.910 1.571
17.462 31.913 1.571
17.462 31.915 1.571
17.462 31.918 1.571
17.462 31.921 1.571
17.462 31.924 1.571
17.462 31.926 1.571
17.462 31.929 1.571
17.462 31.932 1.571
17.462 31.935 1.571
17.462 31.938 1.571
17.462 31.940 1.571
17.462 31.943 1.571
17.462 31.946 1.571
17.462 31.949 1.571
17.462 31.951 1.571
17.462 31.954 1.571
17.462 31.957 1.571
17.462 31.960 1.571
17.462 31.963 1.571
17.462 31.965 1.571
17.462 31.968 1.571
17.462 31.971 1.571
17.462 31.974 1.571
17.462 31.976 1.571
17.462 31.979 1.571
17.462 31.982 1.571
17.462 31.985 1.571
17.462 31.988 1.571
17.462 31.990 1.571
17.462 31.993 1.571
17.462 31.996 1.571
17.462 31.999 1.571
17.462 32.001 1.571
17.462 32.004 1.571
17.462 32.007 1.571
17.462 32.010 1.571
17.462 32.013 1.571
17.462 32.015 1.571
17.462 32.018 1.571
17.462 32.021 1.571
17.462 32.024 1.571
17.462 32.026 1.571
17.462 32.029 1.571
17.462 32.032 1.571
17.462 32.035 1.571
17.462 32.038 1.571
17.462 32.040 1.571
17.462 32.043 1.571
17.462 32.046 1.571
17.462 32.049 1.571
17.462 32.051 1.571
17.462 32.054 1.571
17.462 32.057 1.571
17.462 32.060 1.571
17.462 32.063 1.571
17.462 32.085 1.571
17.462 32.107 1.571
17.462 32.129 1.571
17.462 32.151 1.571
17.462 32.174 1.571
17.462 32.196 1.571
17.462 32.218 1.571
17.462 32.240 1.571
17.462 32.263 1.571
17.462 32.285 1.571
17.462 32.307 1.571
17.462 32.329 1.571
17.462 32.351 1.571
17.462 32.374 1.571
17.462 32.396 1.571
17.462 32.418 1.571
17.462 32.440 1.571
17.462 32.463 1.571
17.462 32.485 1.571
17.462 32.507 1.571
17.462 32.529 1.571
17.462 32.551 1.571
17.462 32.574 1.571
17.462 32.596 1.571
17.462 32.618 1.571
17.462 32.640 1.571
17.462 32.663 1.571
17.462 32.685 1.571
17.462 32.707 1.571
17.462 32.729 1.571
17.462 32.751 1.571
17.462 32.774 1.571
17.462 32.796 1.571
17.462 32.818 1.571
17.462 32.840 1.571
17.462 32.863 1.571
17.462 32.885 1.571
17.462 32.907 1.571
17.462 32.929 1.571
17.462 32.951 1.571
17.462 32.974 1.571
17.462 32.996 1.571
17.462 33.018 1.571
17.462 33.040 1.571
17.462 33.063 1.571
17.462 33.085 1.571
17.462 33.107 1.571
17.462 33.129 1.571
17.462 33.151 1.571
17.462 33.174 1.571
17.462 33.196 1.571
17.462 33.218 1.571
17.462 33.240 1.571
17.462 33.263 1.571
17.462 33.285 1.571
17.462 33.307 1.571
17.462 33.329 1.571
17.462 33.351 1.571
17.462 33.374 1.571
17.462 33.396 1.571
17.462 33.418 1.571
17.462 33.440 1.571
17.462 33.463 1.571
17.462 33.485 1.571
17.462 33.507 1.571
17.462 33.529 1.571
17.462 33.551 1.571
17.462 33.574 1.571
17.462 33.596 1.571
17.462 33.618 1.571
17.462 33.640 1.571
17.462 33.663 1.571
17.462 33.685 1.571
17.462 33.707 1.571
17.462 33.729 1.571
17.462 33.751 1.571
17.462 33.774 1.571
17.462 33.796 1.571
17.462 33.818 1.571
17.462 33.840 1.571
17.462 33.863 1.571
17.462 33.885 1.571
17.462 33.907 1.571
17.462 33.929 1.571
17.462 33.951 1.571
17.462 33.974 1.571
17.462 33.996 1.571
17.462 34.018 1.571
17.462 34.040 1.571
17.462 34.063 1.571
17.462 34.085 1.571
17.462 34.107 1.571
17.462 34.129 1.571
17.462 34.151 1.571
17.462 34.174 1.571
17.462 34.196 1.571
17.462 34.218 1.571
17.462 34.240 1.571
17.462 34.263 1.571
17.462 34.285 1.571
17.462 34.307 1.571
17.462 34.329 1.571
17.462 34.351 1.571
17.462 34.374 1.571
17.462 34.396 1.571
17.462 34.418 1.571
17.462 34.440 1.571
17.462 34.463 1.571
17.462 34.485 1.571
17.462 34.507 1.571
17.462 34.529 1.571
17.462 34.551 1.571
17.462 34.574 1.571
17.462 34.596 1.571
17.462 34.618 1.571
17.462 34.640 1.571
17.462 34.663 1.571
17.462 34.685 1.571
17.462 34.707 1.571
17.462 34.729 1.571
17.462 34.751 1.571
17.462 34.774 1.571
17.462 34.796 1.571
17.462 34.818 1.571
17.462 34.840 1.571
17.462 34.863 1.571
17.462 34.885 1.571
17.462 34.907 1.571
17.462 34.929 1.571
17.462 34.951 1.571
17.462 34.974 1.571
17.462 34.996 1.571
17.462 35.018 1.571
17.462 35.040 1.571
17.462 35.063 1.571
17.462 35.065 1.571
17.462 35.068 1.571
17.462 35.071 1.571
17.462 35.074 1.571
17.462 35.076 1.571
17.462 35.079 1.571
17.462 35.082 1.571
17.462 35.085 1.571
17.462 35.088 1.571
17.462 35.090 1.571
17.462 35.093 1.571
17.462 35.096 1.571
17.462 35.099 1.571
17.462 35.101 1.571
17.462 35.104 1.571
17.462 35.107 1.571
17.462 35.110 1.571
17.462 35.113 1.571
17.462 35.115 1.571
17.462 35.118 1.571
17.462 35.121 1.571
17.462 35.124 1.571
17.462 35.126 1.571
17.462 35.129 1.571
17.462 35.132 1.571
17.462 35.135 1.571
17.462 35.138 1.571
17.462 35.140 1.571
17.462 35.143 1.571
17.462 35.146 1.571
17.462 35.149 1.571
17.462 35.151 1.571
17.462 35.154 1.571
17.462 35.157 1.571
17.462 35.160 1.571
17.462 35.163 1.571
17.462 35.165 1.571
17.462 35.168 1.571
17.462 35.171 1.571
17.462 35.174 1.571
17.462 35.176 1.571
17.462 35.179 1.571
17.462 35.182 1.571
17.462 35.185 1.571
17.462 35.188 1.571
17.462 35.210 1.571
17.462 35.233 1.571
17.462 35.255 1.571
17.463 35.278 1.522
17.465 35.300 1.453
17.468 35.323 1.384
17.473 35.345 1.316
17.480 35.366 1.247
17.488 35.388 1.178
17.485 35.382 1.178
17.482 35.376 1.178
17.479 35.371 1.178
17.476 35.365 1.178
17.474 35.360 1.178
17.471 35.354 1.178
17.468 35.349 1.178
17.465 35.343 1.178
17.462 35.338 1.178
17.470 35.356 1.178
17.478 35.375 1.178
17.486 35.394 1.178
17.494 35.413 1.197
17.500 35.432 1.272
17.506 35.452 1.347
17.509 35.472 1.421
17.512 35.492 1.496
17.512 35.513 1.571
17.512 35.515 1.571
17.512 35.518 1.571
17.512 35.521 1.571
17.512 35.524 1.571
17.512 35.526 1.571
17.512 35.529 1.571
17.512 35.532 1.571
17.512 35.535 1.571
17.512 35.538 1.571
17.512 35.540 1.571
17.512 35.543 1.571
17.512 35.546 1.571
17.512 35.549 1.571
17.512 35.551 1.571
17.512 35.554 1.571
17.512 35.557 1.571
17.512 35.560 1.571
17.512 35.563 1.571
17.512 35.565 1.571
17.512 35.568 1.571
17.512 35.571 1.571
17.512 35.574 1.571
17.512 35.576 1.571
17.512 35.579 1.571
17.512 35.582 1.571
17.512 35.585 1.571
17.512 35.588 1.571
17.512 35.590 1.571
17.512 35.593 1.571
17.512 35.596 1.571
17.512 35.599 1.571
17.512 35.601 1.571
17.512 35.604 1.571
17.512 35.607 1.571
17.512 35.610 1.571
17.512 35.613 1.571
17.512 35.615 1.571
17.512 35.618 1.571
17.512 35.621 1.571
17.512 35.624 1.571
17.512 35.626 1.571
17.512 35.629 1.571
17.512 35.632 1.571
17.512 35.635 1.571
17.512 35.638 1.571
17.512 35.660 1.571
17.512 35.683 1.571
17.512 35.705 1.571
17.513 35.728 1.522
17.515 35.750 1.453
17.518 35.773 1.384
17.523 35.795 1.316
17.530 35.816 1.247
17.538 35.838 1.178
17.546 35.854 1.178
17.554 35.871 1.178
17.562 35.888 1.178
17.571 35.904 1.178
17.579 35.921 1.178
17.588 35.938 1.178
17.596 35.954 1.178
17.604 35.971 1.178
17.613 35.988 1.178
17.621 36.004 1.178
17.629 36.021 1.178
17.637 36.038 1.178
17.646 36.054 1.178
17.654 36.071 1.178
17.663 36.088 1.178
17.671 36.104 1.178
17.679 36.121 1.178
17.688 36.138 1.178
17.696 36.154 1.178
17.704 36.171 1.178
17.712 36.188 1.178
17.721 36.204 1.178
17.729 36.221 1.178
17.738 36.238 1.178
17.746 36.254 1.178
17.754 36.271 1.178
17.762 36.288 1.178
17.771 36.304 1.178
17.779 36.321 1.178
17.787 36.337 1.178
17.796 36.354 1.178
17.804 36.371 1.178
17.812 36.388 1.178
17.821 36.404 1.178
17.829 36.421 1.178
17.837 36.438 1.178
17.846 36.454 1.178
17.854 36.471 1.178
17.862 36.488 1.178
17.871 36.504 1.178
17.879 36.521 1.178
17.887 36.538 1.178
17.896 36.554 1.178
17.904 36.571 1.178
17.913 36.588 1.178
17.921 36.604 1.178
17.929 36.621 1.178
17.938 36.638 1.178
17.946 36.654 1.178
17.954 36.671 1.178
17.963 36.688 1.178
17.971 36.704 1.178
17.979 36.721 1.178
17.988 36.738 1.178
17.996 36.754 1.178
18.004 36.771 1.178
18.012 36.788 1.178
18.021 36.804 1.178
18.029 36.821 1.178
18.038 36.838 1.178
18.046 36.854 1.178
18.054 36.871 1.178
18.062 36.888 1.178
18.071 36.904 1.178
18.079 36.921 1.178
18.087 36.938 1.178
18.096 36.954 1.178
18.104 36.971 1.178
18.113 36.988 1.178
18.121 37.004 1.178
18.129 37.021 1.178
18.137 37.038 1.178
18.146 37.054 1.178
18.154 37.071 1.178
18.162 37.087 1.178
18.171 37.104 1.178
18.179 37.121 1.178
18.188 37.138 1.178
18.196 37.154 1.178
18.204 37.171 1.178
18.212 37.188 1.178
18.221 37.204 1.178
18.229 37.221 1.178
18.237 37.238 1.178
18.246 37.254 1.178
18.254 37.271 1.178
18.262 37.288 1.178
18.271 37.304 1.178
18.279 37.321 1.178
18.288 37.338 1.178
18.296 37.354 1.178
18.304 37.371 1.178
18.312 37.388 1.178
18.321 37.404 1.178
18.329 37.421 1.178
18.338 37.438 1.178
18.346 37.454 1.178
18.354 37.471 1.178
18.363 37.488 1.178
18.371 37.504 1.178
18.379 37.521 1.178
18.387 37.538 1.178
18.396 37.554 1.178
18.404 37.571 1.178
18.413 37.588 1.178
18.421 37.604 1.178
18.429 37.621 1.178
18.438 37.638 1.178
18.446 37.654 1.178
18.454 37.671 1.178
18.462 37.688 1.178
18.471 37.704 1.178
18.479 37.721 1.178
18.488 37.738 1.178
18.496 37.754 1.178
18.504 37.771 1.178
18.512 37.788 1.178
18.521 37.804 1.178
18.529 37.821 1.178
18.537 37.837 1.178
18.546 37.854 1.178
18.554 37.871 1.178
18.562 37.888 1.178
18.571 37.904 1.178
18.579 37.921 1.178
18.587 37.938 1.178
18.596 37.954 1.178
18.604 37.971 1.178
18.612 37.988 1.178
18.621 38.004 1.178
18.629 38.021 1.178
18.637 38.038 1.178
18.646 38.054 1.178
18.654 38.071 1.178
18.663 38.088 1.178
18.671 38.104 1.178
18.679 38.121 1.178
18.688 38.138 1.178
18.696 38.154 1.178
18.704 38.171 1.178
18.713 38.188 1.178
18.721 38.204 1.178
18.729 38.221 1.178
18.738 38.238 1.178
18.746 38.254 1.178
18.754 38.271 1.178
18.762 38.288 1.178
18.771 38.304 1.178
18.779 38.321 1.178
18.788 38.338 1.178
18.796 38.354 1.178
18.804 38.371 1.178
18.812 38.388 1.178
18.821 38.404 1.178
18.829 38.421 1.178
18.837 38.438 1.178
18.846 38.454 1.178
18.854 38.471 1.178
18.863 38.488 1.178
18.871 38.504 1.178
18.879 38.521 1.178
18.887 38.538 1.178
18.896 38.554 1.178
18.904 38.571 1.178
18.912 38.588 1.178
18.921 38.604 1.178
18.929 38.621 1.178
18.938 38.638 1.178
18.946 38.654 1.178
18.954 38.671 1.178
18.962 38.688 1.178
18.971 38.704 1.178
18.979 38.721 1.178
18.987 38.738 1.178
18.996 38.754 1.178
19.004 38.771 1.178
19.012 38.788 1.178
19.021 38.804 1.178
19.029 38.821 1.178
19.038 38.838 1.178
19.046 38.854 1.178
19.054 38.871 1.178
19.062 38.888 1.178
19.071 38.904 1.178
19.079 38.921 1.178
19.088 38.938 1.178
19.096 38.954 1.178
19.104 38.971 1.178
19.113 38.988 1.178
19.121 39.004 1.178
19.129 39.021 1.178
19.137 39.038 1.178
19.146 39.054 1.178
19.154 39.071 1.178
19.163 39.088 1.178
19.171 39.104 1.178
19.179 39.121 1.178
19.188 39.138 1.178
19.196 39.154 1.178
19.204 39.171 1.178
19.212 39.188 1.178
19.221 39.204 1.178
19.229 39.221 1.178
19.238 39.238 1.178
19.246 39.254 1.178
19.254 39.271 1.178
19.262 39.288 1.178
19.271 39.304 1.178
19.279 39.321 1.178
19.287 39.338 1.178
19.296 39.354 1.178
19.304 39.371 1.178
19.312 39.388 1.178
19.321 39.404 1.178
19.329 39.421 1.178
19.338 39.438 1.178
19.346 39.454 1.178
19.354 39.471 1.178
19.363 39.488 1.178
19.371 39.504 1.178
19.379 39.521 1.178
19.388 39.538 1.178
19.396 39.554 1.178
19.404 39.571 1.178
19.413 39.588 1.178
19.421 39.604 1.178
19.429 39.621 1.178
19.438 39.638 1.178
19.446 39.654 1.178
19.454 39.671 1.178
19.463 39.688 1.178
19.471 39.704 1.178
19.479 39.721 1.178
19.488 39.738 1.178
19.496 39.754 1.178
19.504 39.771 1.178
19.512 39.788 1.178
19.521 39.804 1.178
19.529 39.821 1.178
19.538 39.838 1.178
19.546 39.854 1.178
19.554 39.871 1.178
19.562 39.888 1.178
19.571 39.904 1.178
19.579 39.921 1.178
19.587 39.938 1.178
19.596 39.954 1.178
19.604 39.971 1.178
19.613 39.988 1.178
19.621 40.004 1.178
19.629 40.021 1.178
19.637 40.038 1.178
19.646 40.054 1.178
19.654 40.071 1.178
19.662 40.088 1.178
19.671 40.104 1.178
19.679 40.121 1.178
19.688 40.138 1.178
19.696 40.154 1.178
19.704 40.171 1.178
19.713 40.188 1.178
19.721 40.204 1.178
19.729 40.221 1.178
19.738 40.238 1.178
19.746 40.254 1.178
19.754 40.271 1.178
19.763 40.288 1.178
19.771 40.304 1.178
19.779 40.321 1.178
19.788 40.338 1.178
19.796 40.354 1.178
19.804 40.371 1.178
19.812 40.388 1.178
19.821 40.404 1.178
19.829 40.421 1.178
19.838 40.438 1.178
19.846 40.454 1.178
19.854 40.471 1.178
19.863 40.488 1.178
19.871 40.504 1.178
19.879 40.521 1.178
19.887 40.538 1.178
19.896 40.554 1.178
19.904 40.571 1.178
19.913 40.588 1.178
19.921 40.604 1.178
19.929 40.621 1.178
19.938 40.638 1.178
19.946 40.654 1.178
19.954 40.671 1.178
19.962 40.688 1.178
19.971 40.704 1.178
19.979 40.721 1.178
19.988 40.738 1.178
19.996 40.754 1.178
20.004 40.771 1.178
20.012 40.788 1.178
20.021 40.804 1.178
20.029 40.821 1.178
20.037 40.838 1.178
20.046 40.854 1.178
20.054 40.871 1.178
20.062 40.888 1.178
20.071 40.904 1.178
20.079 40.921 1.178
20.088 40.938 1.178
20.090 40.943 1.178
20.093 40.949 1.178
20.096 40.954 1.178
20.099 40.960 1.178
20.101 40.965 1.178
20.104 40.971 1.178
20.107 40.976 1.178
20.110 40.982 1.178
20.113 40.988 1.178
20.115 40.993 1.178
20.118 40.999 1.178
20.121 41.004 1.178
20.124 41.010 1.178
20.126 41.015 1.178
20.129 41.021 1.178
20.132 41.026 1.178
20.135 41.032 1.178
20.137 41.038 1.178
20.147 41.052 1.148
20.156 41.067 1.117
20.167 41.082 1.087
20.177 41.096 1.057
20.188 41.110 1.027
20.200 41.123 0.996
20.212 41.137 0.966
20.225 41.150 0.936
20.238 41.163 0.785
20.254 41.179 0.785
20.271 41.196 0.785
20.288 41.213 0.785
20.304 41.229 0.785
20.321 41.246 0.785
20.338 41.263 0.785
20.354 41.279 0.785
20.371 41.296 0.785
20.387 41.313 0.785
20.404 41.329 0.785
20.421 41.346 0.785
20.438 41.363 0.785
20.454 41.379 0.785
20.471 41.396 0.785
20.488 41.413 0.785
20.504 41.429 0.785
20.521 41.446 0.785
20.538 41.463 0.785
20.554 41.479 0.785
20.571 41.496 0.785
20.588 41.513 0.785
20.604 41.529 0.785
20.621 41.546 0.785
20.638 41.563 0.785
20.654 41.579 0.785
20.671 41.596 0.785
20.688 41.613 0.785
20.704 41.629 0.785
20.721 41.646 0.785
20.738 41.663 0.785
20.754 41.679 0.785
20.771 41.696 0.785
20.788 41.713 0.785
20.804 41.729 0.785
20.821 41.746 0.785
20.838 41.763 0.785
20.855 41.780 0.785
20.872 41.796 0.756
20.890 41.812 0.704
20.908 41.828 0.652
20.928 41.842 0.600
20.948 41.855 0.548
20.969 41.867 0.496
20.991 41.878 0.445
21.012 41.888 0.393
21.029 41.896 0.393
21.046 41.904 0.393
21.062 41.913 0.393
21.079 41.921 0.393
21.096 41.929 0.393
21.113 41.938 0.393
21.129 41.946 0.393
21.146 41.954 0.393
21.163 41.963 0.393
21.179 41.971 0.393
21.196 41.979 0.393
21.213 41.988 0.393
21.229 41.996 0.393
21.246 42.004 0.393
21.263 42.013 0.393
21.279 42.021 0.393
21.296 42.029 0.393
21.312 42.038 0.393
21.329 42.046 0.393
21.346 42.054 0.393
21.363 42.063 0.393
21.379 42.071 0.393
21.396 42.079 0.393
21.413 42.088 0.393
21.429 42.096 0.393
21.446 42.104 0.393
21.463 42.113 0.393
21.479 42.121 0.393
21.496 42.129 0.393
21.513 42.138 0.393
21.529 42.146 0.393
21.546 42.154 0.393
21.563 42.163 0.393
21.579 42.171 0.393
21.596 42.179 0.393
21.613 42.188 0.393
21.629 42.196 0.393
21.646 42.204 0.393
21.663 42.213 0.393
21.679 42.221 0.393
21.696 42.229 0.393
21.713 42.238 0.393
21.729 42.246 0.393
21.746 42.254 0.393
21.762 42.263 0.393
21.779 42.271 0.393
21.796 42.279 0.393
21.812 42.288 0.393
21.829 42.296 0.393
21.846 42.304 0.393
21.863 42.312 0.393
21.879 42.321 0.393
21.896 42.329 0.393
21.913 42.338 0.393
21.929 42.346 0.393
21.946 42.354 0.393
21.963 42.363 0.393
21.979 42.371 0.393
21.996 42.379 0.393
22.013 42.388 0.393
22.029 42.396 0.393
22.046 42.404 0.393
22.062 42.413 0.393
22.079 42.421 0.393
22.096 42.429 0.393
22.113 42.438 0.393
22.129 42.446 0.393
22.146 42.454 0.393
22.163 42.463 0.393
22.179 42.471 0.393
22.196 42.479 0.393
22.213 42.488 0.393
22.229 42.496 0.393
22.246 42.504 0.393
22.263 42.513 0.393
22.279 42.521 0.393
22.296 42.529 0.393
22.313 42.538 0.393
22.329 42.546 0.393
22.346 42.554 0.393
22.363 42.563 0.393
22.379 42.571 0.393
22.396 42.579 0.393
22.413 42.588 0.393
22.429 42.596 0.393
22.446 42.604 0.393
22.463 42.613 0.393
22.479 42.621 0.393
22.496 42.629 0.393
22.512 42.638 0.393
22.529 42.646 0.393
22.546 42.654 0.393
22.562 42.663 0.393
22.579 42.671 0.393
22.596 42.679 0.393
22.613 42.688 0.393
22.629 42.696 0.393
22.646 42.704 0.393
22.663 42.713 0.393
22.679 42.721 0.393
22.696 42.729 0.393
22.713 42.738 0.393
22.729 42.746 0.393
22.746 42.754 0.393
22.763 42.763 0.393
22.779 42.771 0.393
22.796 42.779 0.393
22.812 42.788 0.393
22.829 42.796 0.393
22.846 42.804 0.393
22.863 42.813 0.393
22.879 42.821 0.393
22.896 42.829 0.393
22.913 42.838 0.393
22.929 42.846 0.393
22.946 42.854 0.393
22.963 42.863 0.393
22.979 42.871 0.393
22.996 42.879 0.393
23.013 42.888 0.393
23.029 42.896 0.393
23.046 42.904 0.393
23.063 42.913 0.393
23.079 42.921 0.393
23.096 42.929 0.393
23.113 42.938 0.393
23.129 42.946 0.393
23.146 42.954 0.393
23.163 42.963 0.393
23.179 42.971 0.393
23.196 42.979 0.393
23.213 42.988 0.393
23.229 42.996 0.393
23.246 43.004 0.393
23.262 43.013 0.393
23.279 43.021 0.393
23.296 43.029 0.393
23.312 43.038 0.393
23.329 43.046 0.393
23.346 43.054 0.393
23.363 43.062 0.393
23.379 43.071 0.393
23.396 43.079 0.393
23.413 43.088 0.393
23.418 43.090 0.393
23.424 43.093 0.393
23.429 43.096 0.393
23.435 43.099 0.393
23.440 43.101 0.393
23.446 43.104 0.393
23.451 43.107 0.393
23.457 43.110 0.393
23.463 43.113 0.393
23.481 43.120 0.393
23.500 43.128 0.393
23.519 43.136 0.393
23.538 43.144 0.374
23.557 43.150 0.299
23.577 43.156 0.224
23.597 43.160 0.149
23.617 43.162 0.075
23.637 43.163 0.000
23.660 43.163 0.000
23.682 43.163 0.000
23.704 43.163 0.000
23.726 43.163 0.000
23.749 43.163 0.000
23.771 43.163 0.000
23.793 43.163 0.000
23.815 43.163 0.000
23.838 43.163 0.000
23.860 43.163 0.000
23.882 43.163 0.000
23.904 43.163 0.000
23.926 43.163 0.000
23.949 43.163 0.000
23.971 43.163 0.000
23.993 43.163 0.000
24.015 43.163 0.000
24.038 43.163 0.000
24.060 43.163 0.000
24.082 43.163 0.000
24.104 43.163 0.000
24.126 43.163 0.000
24.149 43.163 0.000
24.171 43.163 0.000
24.193 43.163 0.000
24.215 43.163 0.000
24.238 43.163 0.000
24.260 43.163 0.000
24.282 43.163 0.000
24.304 43.163 0.000
24.326 43.163 0.000
24.349 43.163 0.000
24.371 43.163 0.000
24.393 43.163 0.000
24.415 43.163 0.000
24.438 43.163 0.000
24.460 43.163 0.000
24.482 43.163 0.000
24.504 43.163 0.000
24.526 43.163 0.000
24.549 43.163 0.000
24.571 43.163 0.000
24.593 43.163 0.000
24.615 43.163 0.000
24.637 43.163 0.000
24.660 43.163 0.000
24.682 43.163 0.000
24.704 43.163 0.000
24.726 43.163 0.000
24.749 43.163 0.000
24.771 43.163 0.000
24.793 43.163 0.000
24.815 43.163 0.000
24.838 43.163 0.000
24.860 43.163 0.000
24.882 43.163 0.000
24.904 43.163 0.000
24.926 43.163 0.000
24.949 43.163 0.000
24.971 43.163 0.000
24.993 43.163 0.000
25.015 43.163 0.000
25.038 43.163 0.000
25.060 43.163 0.000
25.082 43.163 0.000
25.104 43.163 0.000
25.126 43.163 0.000
25.149 43.163 0.000
25.171 43.163 0.000
25.193 43.163 0.000
25.215 43.163 0.000
25.238 43.163 0.000
25.240 43.163 0.000
25.243 43.163 0.000
25.246 43.163 0.000
25.249 43.163 0.000
25.251 43.163 0.000
25.254 43.163 0.000
25.257 43.163 0.000
25.260 43.163 0.000
25.262 43.163 0.000
25.285 43.163 0.000
25.308 43.163 0.000
25.330 43.163 0.000
25.353 43.162 6.234
25.375 43.160 6.166
25.398 43.157 6.097
25.420 43.152 6.028
25.441 43.145 5.959
25.463 43.138 5.891
25.479 43.129 5.891
25.496 43.121 5.891
25.513 43.113 5.891
25.529 43.104 5.891
25.546 43.096 5.891
25.563 43.088 5.891
25.579 43.079 5.891
25.596 43.071 5.891
25.613 43.063 5.891
25.629 43.054 5.891
25.646 43.046 5.891
25.663 43.038 5.891
25.679 43.029 5.891
25.696 43.021 5.891
25.713 43.013 5.891
25.729 43.004 5.891
25.746 42.996 5.891
25.762 42.988 5.891
25.779 42.979 5.891
25.796 42.971 5.891
25.812 42.963 5.891
25.829 42.954 5.891
25.846 42.946 5.891
25.863 42.938 5.891
25.879 42.929 5.891
25.896 42.921 5.891
25.913 42.913 5.891
25.929 42.904 5.891
25.946 42.896 5.891
25.963 42.888 5.891
25.979 42.879 5.891
25.996 42.871 5.891
26.013 42.863 5.891
26.029 42.854 5.891
26.046 42.846 5.891
26.062 42.838 5.891
26.079 42.829 5.891
26.096 42.821 5.891
26.113 42.813 5.891
26.129 42.804 5.891
26.146 42.796 5.891
26.163 42.788 5.891
26.179 42.779 5.891
26.196 42.771 5.891
26.213 42.763 5.891
26.229 42.754 5.891
26.246 42.746 5.891
26.263 42.738 5.891
26.279 42.729 5.891
26.296 42.721 5.891
26.313 42.713 5.891
26.329 42.704 5.891
26.346 42.696 5.891
26.363 42.688 5.891
26.379 42.679 5.891
26.396 42.671 5.891
26.413 42.663 5.891
26.429 42.654 5.891
26.446 42.646 5.891
26.463 42.638 5.891
26.479 42.629 5.891
26.496 42.621 5.891
26.512 42.613 5.891
26.518 42.610 5.891
26.524 42.607 5.891
26.529 42.604 5.891
26.535 42.601 5.891
26.540 42.599 5.891
26.546 42.596 5.891
26.551 42.593 5.891
26.557 42.590 5.891
26.562 42.588 5.891
26.568 42.585 5.891
26.574 42.582 5.891
26.579 42.579 5.891
26.585 42.576 5.891
26.590 42.574 5.891
26.596 42.571 5.891
26.601 42.568 5.891
26.607 42.565 5.891
26.613 42.563 5.891
26.631 42.555 5.891
26.650 42.547 5.891
26.669 42.539 5.891
26.688 42.531 5.910
26.707 42.525 5.984
26.727 42.519 6.059
26.747 42.516 6.134
26.767 42.513 6.208
26.788 42.513 0.000
26.810 42.513 0.000
26.832 42.513 0.000
26.854 42.513 0.000
26.876 42.513 0.000
26.899 42.513 0.000
26.921 42.513 0.000
26.943 42.513 0.000
26.965 42.513 0.000
26.988 42.513 0.000
27.010 42.513 0.000
27.032 42.513 0.000
27.054 42.513 0.000
27.076 42.513 0.000
27.099 42.513 0.000
27.121 42.513 0.000
27.143 42.513 0.000
27.165 42.513 0.000
27.188 42.513 0.000
27.210 42.513 0.000
27.232 42.513 0.000
27.254 42.513 0.000
27.276 42.513 0.000
27.299 42.513 0.000
27.321 42.513 0.000
27.343 42.513 0.000
27.365 42.513 0.000
27.387 42.513 0.000
27.410 42.513 0.000
27.432 42.513 0.000
27.454 42.513 0.000
27.476 42.513 0.000
27.499 42.513 0.000
27.521 42.513 0.000
27.543 42.513 0.000
27.565 42.513 0.000
27.588 42.513 0.000
27.610 42.513 0.000
27.632 42.513 0.000
27.654 42.513 0.000
27.676 42.513 0.000
27.699 42.513 0.000
27.721 42.513 0.000
27.743 42.513 0.000
27.765 42.513 0.000
27.788 42.513 0.000
27.810 42.513 0.000
27.832 42.513 0.000
27.854 42.513 0.000
27.876 42.513 0.000
27.899 42.513 0.000
27.921 42.513 0.000
27.943 42.513 0.000
27.965 42.513 0.000
27.988 42.513 0.000
28.010 42.513 0.000
28.032 42.513 0.000
28.054 42.513 0.000
28.076 42.513 0.000
28.099 42.513 0.000
28.121 42.513 0.000
28.143 42.513 0.000
28.165 42.513 0.000
28.188 42.513 0.000
28.190 42.513 0.000
28.193 42.513 0.000
28.196 42.513 0.000
28.199 42.513 0.000
28.201 42.513 0.000
28.204 42.513 0.000
28.207 42.513 0.000
28.210 42.513 0.000
28.213 42.513 0.000
28.215 42.513 0.000
28.218 42.513 0.000
28.221 42.513 0.000
28.224 42.513 0.000
28.226 42.513 0.000
28.229 42.513 0.000
28.232 42.513 0.000
28.235 42.513 0.000
28.238 42.513 0.000
28.240 42.513 0.000
28.243 42.513 0.000
28.246 42.513 0.000
28.249 42.513 0.000
28.251 42.513 0.000
28.254 42.513 0.000
28.257 42.513 0.000
28.260 42.513 0.000
28.262 42.513 0.000
28.265 42.513 0.000
28.268 42.513 0.000
28.271 42.513 0.000
28.274 42.513 0.000
28.276 42.513 0.000
28.279 42.513 0.000
28.282 42.513 0.000
28.285 42.513 0.000
28.288 42.513 0.000
28.290 42.513 0.000
28.293 42.513 0.000
28.296 42.513 0.000
28.299 42.513 0.000
28.301 42.513 0.000
28.304 42.513 0.000
28.307 42.513 0.000
28.310 42.513 0.000
28.312 42.513 0.000
28.335 42.513 0.000
28.357 42.513 0.000
28.379 42.513 0.000
28.401 42.513 0.000
28.424 42.513 0.000
28.446 42.513 0.000
28.468 42.513 0.000
28.490 42.513 0.000
28.512 42.513 0.000
28.515 42.513 0.000
28.518 42.513 0.000
28.521 42.513 0.000
28.524 42.513 0.000
28.526 42.513 0.000
28.529 42.513 0.000
28.532 42.513 0.000
28.535 42.513 0.000
28.538 42.513 0.000
28.560 42.513 0.000
28.582 42.513 0.000
28.604 42.513 0.000
28.626 42.513 0.000
28.649 42.513 0.000
28.671 42.513 0.000
28.693 42.513 0.000
28.715 42.513 0.000
28.738 42.513 0.000
28.760 42.513 0.000
28.782 42.513 0.000
28.804 42.513 0.000
28.826 42.513 0.000
28.849 42.513 0.000
28.871 42.513 0.000
28.893 42.513 0.000
28.915 42.513 0.000
28.938 42.513 0.000
28.960 42.513 0.000
28.982 42.513 0.000
29.004 42.513 0.000
29.026 42.513 0.000
29.049 42.513 0.000
29.071 42.513 0.000
29.093 42.513 0.000
29.115 42.513 0.000
29.137 42.513 0.000
29.140 42.513 0.000
29.143 42.513 0.000
29.146 42.513 0.000
29.149 42.513 0.000
29.151 42.513 0.000
29.154 42.513 0.000
29.157 42.513 0.000
29.160 42.513 0.000
29.163 42.513 0.000
29.165 42.513 0.000
29.168 42.513 0.000
29.171 42.513 0.000
29.174 42.513 0.000
29.176 42.513 0.000
29.179 42.513 0.000
29.182 42.513 0.000
29.185 42.513 0.000
29.188 42.513 0.000
29.190 42.513 0.000
29.193 42.513 0.000
29.196 42.513 0.000
29.199 42.513 0.000
29.201 42.513 0.000
29.204 42.513 0.000
29.207 42.513 0.000
29.210 42.513 0.000
29.213 42.513 0.000
29.235 42.513 0.000
29.258 42.513 0.000
29.280 42.513 0.000
29.303 42.513 0.049
29.325 42.515 0.118
29.348 42.518 0.186
29.370 42.523 0.255
29.391 42.530 0.324
29.413 42.538 0.393
29.429 42.546 0.393
29.446 42.554 0.393
29.463 42.563 0.393
29.479 42.571 0.393
29.496 42.579 0.393
29.513 42.588 0.393
29.529 42.596 0.393
29.546 42.604 0.393
29.562 42.613 0.393
29.579 42.621 0.393
29.596 42.629 0.393
29.613 42.638 0.393
29.629 42.646 0.393
29.646 42.654 0.393
29.663 42.663 0.393
29.679 42.671 0.393
29.696 42.679 0.393
29.713 42.688 0.393
29.718 42.690 0.393
29.724 42.693 0.393
29.729 42.696 0.393
29.735 42.699 0.393
29.740 42.701 0.393
29.746 42.704 0.393
29.751 42.707 0.393
29.757 42.710 0.393
29.762 42.713 0.393
29.768 42.715 0.393
29.774 42.718 0.393
29.779 42.721 0.393
29.785 42.724 0.393
29.790 42.726 0.393
29.796 42.729 0.393
29.801 42.732 0.393
29.807 42.735 0.393
29.812 42.738 0.393
29.827 42.747 0.423
29.842 42.756 0.453
29.857 42.767 0.484
29.871 42.777 0.514
29.885 42.788 0.544
29.898 42.800 0.575
29.912 42.812 0.605
29.925 42.825 0.635
29.938 42.838 0.785
29.954 42.854 0.785
29.971 42.871 0.785
29.988 42.888 0.785
30.004 42.904 0.785
30.021 42.921 0.785
30.038 42.938 0.785
30.054 42.954 0.785
30.071 42.971 0.785
30.088 42.988 0.785
30.090 42.990 0.785
30.093 42.993 0.785
30.096 42.996 0.785
30.099 42.999 0.785
30.101 43.001 0.785
30.104 43.004 0.785
30.107 43.007 0.785
30.110 43.010 0.785
30.113 43.013 0.785
30.115 43.015 0.785
30.118 43.018 0.785
30.121 43.021 0.785
30.124 43.024 0.785
30.126 43.026 0.785
30.129 43.029 0.785
30.132 43.032 0.785
30.135 43.035 0.785
30.137 43.038 0.785
30.140 43.040 0.785
30.143 43.043 0.785
30.146 43.046 0.785
30.149 43.049 0.785
30.151 43.051 0.785
30.154 43.054 0.785
30.157 43.057 0.785
30.160 43.060 0.785
30.163 43.063 0.785
30.165 43.065 0.785
30.168 43.068 0.785
30.171 43.071 0.785
30.174 43.074 0.785
30.176 43.076 0.785
30.179 43.079 0.785
30.182 43.082 0.785
30.185 43.085 0.785
30.188 43.088 0.785
30.204 43.105 0.785
30.221 43.122 0.815
30.238 43.140 0.867
30.253 43.158 0.919
30.267 43.178 0.971
30.280 43.198 1.022
30.292 43.219 1.074
30.303 43.241 1.126
30.312 43.263 1.178
30.321 43.279 1.178
30.329 43.296 1.178
30.337 43.312 1.178
30.346 43.329 1.178
30.354 43.346 1.178
30.363 43.363 1.178
30.371 43.379 1.178
30.379 43.396 1.178
30.387 43.413 1.178
30.396 43.429 1.178
30.404 43.446 1.178
30.412 43.463 1.178
30.421 43.479 1.178
30.429 43.496 1.178
30.438 43.513 1.178
30.446 43.529 1.178
30.454 43.546 1.178
30.463 43.563 1.178
30.471 43.579 1.178
30.479 43.596 1.178
30.488 43.613 1.178
30.496 43.629 1.178
30.504 43.646 1.178
30.513 43.663 1.178
30.521 43.679 1.178
30.529 43.696 1.178
30.538 43.713 1.178
30.546 43.729 1.178
30.554 43.746 1.178
30.562 43.763 1.178
30.571 43.779 1.178
30.579 43.796 1.178
30.588 43.813 1.178
30.596 43.829 1.178
30.604 43.846 1.178
30.613 43.863 1.178
30.621 43.879 1.178
30.629 43.896 1.178
30.637 43.913 1.178
30.646 43.929 1.178
30.654 43.946 1.178
30.663 43.963 1.178
30.671 43.979 1.178
30.679 43.996 1.178
30.688 44.013 1.178
30.696 44.029 1.178
30.704 44.046 1.178
30.712 44.062 1.178
30.721 44.079 1.178
30.729 44.096 1.178
30.738 44.113 1.178
30.746 44.129 1.178
30.754 44.146 1.178
30.762 44.163 1.178
30.765 44.168 1.178
30.768 44.174 1.178
30.771 44.179 1.178
30.774 44.185 1.178
30.776 44.190 1.178
30.779 44.196 1.178
30.782 44.201 1.178
30.785 44.207 1.178
30.788 44.213 1.178
30.795 44.231 1.178
30.803 44.250 1.178
30.811 44.269 1.178
30.819 44.288 1.197
30.825 44.307 1.272
30.831 44.327 1.347
30.835 44.347 1.421
30.837 44.367 1.496
30.838 44.388 1.571
30.838 44.390 1.571
30.838 44.393 1.571
30.838 44.396 1.571
30.838 44.399 1.571
30.838 44.401 1.571
30.838 44.404 1.571
30.838 44.407 1.571
30.838 44.410 1.571
30.838 44.413 1.571
30.838 44.415 1.571
30.838 44.418 1.571
30.838 44.421 1.571
30.838 44.424 1.571
30.838 44.426 1.571
30.838 44.429 1.571
30.838 44.432 1.571
30.838 44.435 1.571
30.838 44.438 1.571
30.838 44.440 1.571
30.838 44.443 1.571
30.838 44.446 1.571
30.838 44.449 1.571
30.838 44.451 1.571
30.838 44.454 1.571
30.838 44.457 1.571
30.838 44.460 1.571
30.838 44.463 1.571
30.838 44.465 1.571
30.838 44.468 1.571
30.838 44.471 1.571
30.838 44.474 1.571
30.838 44.476 1.571
30.838 44.479 1.571
30.838 44.482 1.571
30.838 44.485 1.571
30.838 44.488 1.571
30.838 44.490 1.571
30.838 44.493 1.571
30.838 44.496 1.571
30.838 44.499 1.571
30.838 44.501 1.571
30.838 44.504 1.571
30.838 44.507 1.571
30.838 44.510 1.571
30.838 44.513 1.571
30.838 44.535 1.571
30.838 44.558 1.571
30.838 44.580 1.571
30.838 44.603 1.522
30.840 44.625 1.453
30.843 44.648 1.384
30.848 44.670 1.316
30.855 44.691 1.247
30.863 44.713 1.178
30.871 44.729 1.178
30.879 44.746 1.178
30.887 44.763 1.178
30.896 44.779 1.178
30.904 44.796 1.178
30.913 44.813 1.178
30.921 44.829 1.178
30.929 44.846 1.178
30.938 44.863 1.178
30.946 44.879 1.178
30.954 44.896 1.178
30.962 44.913 1.178
30.971 44.929 1.178
30.979 44.946 1.178
30.988 44.963 1.178
30.996 44.979 1.178
31.004 44.996 1.178
31.012 45.013 1.178
31.021 45.029 1.178
31.029 45.046 1.178
31.037 45.062 1.178
31.046 45.079 1.178
31.054 45.096 1.178
31.062 45.113 1.178
31.071 45.129 1.178
31.079 45.146 1.178
31.088 45.163 1.178
31.096 45.179 1.178
31.104 45.196 1.178
31.113 45.213 1.178
31.121 45.229 1.178
31.129 45.246 1.178
31.138 45.263 1.178
31.146 45.279 1.178
31.154 45.296 1.178
31.163 45.313 1.178
31.171 45.329 1.178
31.179 45.346 1.178
31.188 45.363 1.178
31.196 45.379 1.178
31.204 45.396 1.178
31.213 45.413 1.178
31.221 45.429 1.178
31.229 45.446 1.178
31.238 45.463 1.178
31.246 45.479 1.178
31.254 45.496 1.178
31.262 45.513 1.178
31.271 45.529 1.178
31.279 45.546 1.178
31.288 45.563 1.178
31.296 45.579 1.178
31.304 45.596 1.178
31.312 45.613 1.178
31.321 45.629 1.178
31.329 45.646 1.178
31.337 45.663 1.178
31.346 45.679 1.178
31.354 45.696 1.178
31.363 45.713 1.178
31.371 45.729 1.178
31.379 45.746 1.178
31.387 45.763 1.178
31.396 45.779 1.178
31.404 45.796 1.178
31.412 45.812 1.178
31.421 45.829 1.178
31.429 45.846 1.178
31.438 45.863 1.178
31.446 45.879 1.178
31.454 45.896 1.178
31.463 45.913 1.178
31.471 45.929 1.178
31.479 45.946 1.178
31.488 45.963 1.178
31.496 45.979 1.178
31.504 45.996 1.178
31.513 46.013 1.178
31.521 46.029 1.178
31.529 46.046 1.178
31.538 46.063 1.178
31.547 46.077 1.148
31.556 46.092 1.117
31.567 46.107 1.087
31.577 46.121 1.057
31.588 46.135 1.027
31.600 46.148 0.996
31.612 46.162 0.966
31.625 46.175 0.936
31.637 46.188 0.785
31.654 46.204 0.785
31.671 46.221 0.785
31.688 46.238 0.785
31.704 46.254 0.785
31.721 46.271 0.785
31.738 46.288 0.785
31.754 46.304 0.785
31.771 46.321 0.785
31.788 46.338 0.785
31.804 46.354 0.785
31.821 46.371 0.785
31.838 46.388 0.785
31.854 46.404 0.785
31.871 46.421 0.785
31.888 46.438 0.785
31.904 46.454 0.785
31.921 46.471 0.785
31.938 46.488 0.785
31.940 46.490 0.785
31.943 46.493 0.785
31.946 46.496 0.785
31.949 46.499 0.785
31.951 46.501 0.785
31.954 46.504 0.785
31.957 46.507 0.785
31.960 46.510 0.785
31.963 46.513 0.785
31.965 46.515 0.785
31.968 46.518 0.785
31.971 46.521 0.785
31.974 46.524 0.785
31.976 46.526 0.785
31.979 46.529 0.785
31.982 46.532 0.785
31.985 46.535 0.785
31.988 46.538 0.785
32.005 46.555 0.785
32.022 46.571 0.756
32.040 46.588 0.704
32.058 46.603 0.652
32.078 46.617 0.600
32.098 46.630 0.548
32.119 46.642 0.496
32.141 46.653 0.445
32.163 46.663 0.393
32.179 46.671 0.393
32.196 46.679 0.393
32.212 46.688 0.393
32.229 46.696 0.393
32.246 46.704 0.393
32.263 46.713 0.393
32.279 46.721 0.393
32.296 46.729 0.393
32.313 46.738 0.393
32.329 46.746 0.393
32.346 46.754 0.393
32.363 46.763 0.393
32.379 46.771 0.393
32.396 46.779 0.393
32.413 46.788 0.393
32.429 46.796 0.393
32.446 46.804 0.393
32.463 46.813 0.393
32.479 46.821 0.393
32.496 46.829 0.393
32.513 46.838 0.393
32.529 46.846 0.393
32.546 46.854 0.393
32.563 46.863 0.393
32.579 46.871 0.393
32.596 46.879 0.393
32.613 46.888 0.393
32.629 46.896 0.393
32.646 46.904 0.393
32.663 46.913 0.393
32.679 46.921 0.393
32.696 46.929 0.393
32.713 46.938 0.393
32.729 46.946 0.393
32.746 46.954 0.393
32.763 46.963 0.393
32.777 46.972 0.423
32.792 46.981 0.453
32.806 46.992 0.484
32.821 47.002 0.514
32.835 47.013 0.544
32.848 47.025 0.575
32.862 47.037 0.605
32.875 47.050 0.635
32.888 47.063 0.785
32.904 47.079 0.785
32.921 47.096 0.785
32.938 47.113 0.785
32.954 47.129 0.785
32.971 47.146 0.785
32.988 47.163 0.785
33.004 47.179 0.785
33.021 47.196 0.785
33.038 47.213 0.785
33.054 47.229 0.785
33.071 47.246 0.785
33.087 47.263 0.785
33.104 47.279 0.785
33.121 47.296 0.785
33.138 47.313 0.785
33.154 47.329 0.785
33.171 47.346 0.785
33.188 47.363 0.785
33.190 47.365 0.785
33.193 47.368 0.785
33.196 47.371 0.785
33.199 47.374 0.785
33.201 47.376 0.785
33.204 47.379 0.785
33.207 47.382 0.785
33.210 47.385 0.785
33.213 47.388 0.785
33.230 47.405 0.785
33.246 47.422 0.815
33.263 47.440 0.867
33.278 47.458 0.919
33.292 47.478 0.971
33.305 47.498 1.022
33.317 47.519 1.074
33.328 47.541 1.126
33.338 47.563 1.178
33.346 47.579 1.178
33.354 47.596 1.178
33.363 47.613 1.178
33.371 47.629 1.178
33.379 47.646 1.178
33.388 47.663 1.178
33.396 47.679 1.178
33.404 47.696 1.178
33.413 47.713 1.178
33.421 47.729 1.178
33.429 47.746 1.178
33.438 47.763 1.178
33.446 47.779 1.178
33.454 47.796 1.178
33.462 47.813 1.178
33.471 47.829 1.178
33.479 47.846 1.178
33.488 47.863 1.178
33.496 47.879 1.178
33.504 47.896 1.178
33.513 47.913 1.178
33.521 47.929 1.178
33.529 47.946 1.178
33.538 47.963 1.178
33.546 47.979 1.178
33.554 47.996 1.178
33.563 48.013 1.178
33.571 48.029 1.178
33.579 48.046 1.178
33.588 48.062 1.178
33.596 48.079 1.178
33.604 48.096 1.178
33.613 48.113 1.178
33.621 48.129 1.178
33.629 48.146 1.178
33.638 48.163 1.178
33.646 48.179 1.178
33.654 48.196 1.178
33.663 48.213 1.178
33.671 48.229 1.178
33.679 48.246 1.178
33.688 48.263 1.178
33.696 48.279 1.178
33.704 48.296 1.178
33.713 48.313 1.178
33.721 48.329 1.178
33.729 48.346 1.178
33.738 48.363 1.178
33.746 48.379 1.178
33.754 48.396 1.178
33.763 48.413 1.178
33.771 48.429 1.178
33.779 48.446 1.178
33.788 48.463 1.178
33.796 48.479 1.178
33.804 48.496 1.178
33.812 48.513 1.178
33.821 48.529 1.178
33.829 48.546 1.178
33.837 48.563 1.178
33.846 48.579 1.178
33.854 48.596 1.178
33.863 48.613 1.178
33.871 48.629 1.178
33.879 48.646 1.178
33.888 48.663 1.178
33.896 48.679 1.178
33.904 48.696 1.178
33.913 48.713 1.178
33.921 48.729 1.178
33.929 48.746 1.178
33.938 48.763 1.178
33.946 48.779 1.178
33.954 48.796 1.178
33.963 48.812 1.178
33.971 48.829 1.178
33.979 48.846 1.178
33.988 48.863 1.178
33.996 48.879 1.178
34.004 48.896 1.178
34.013 48.913 1.178
34.021 48.929 1.178
34.029 48.946 1.178
34.038 48.963 1.178
34.046 48.979 1.178
34.054 48.996 1.178
34.062 49.013 1.178
34.071 49.029 1.178
34.079 49.046 1.178
34.088 49.063 1.178
34.096 49.079 1.178
34.104 49.096 1.178
34.113 49.113 1.178
34.121 49.129 1.178
34.129 49.146 1.178
34.138 49.163 1.178
34.146 49.179 1.178
34.154 49.196 1.178
34.163 49.213 1.178
34.171 49.229 1.178
34.179 49.246 1.178
34.188 49.263 1.178
34.196 49.279 1.178
34.204 49.296 1.178
34.212 49.313 1.178
34.221 49.329 1.178
34.229 49.346 1.178
34.238 49.363 1.178
34.246 49.379 1.178
34.254 49.396 1.178
34.263 49.413 1.178
34.271 49.429 1.178
34.279 49.446 1.178
34.288 49.463 1.178
34.296 49.479 1.178
34.304 49.496 1.178
34.313 49.513 1.178
34.321 49.529 1.178
34.329 49.546 1.178
34.338 49.562 1.178
34.346 49.579 1.178
34.354 49.596 1.178
34.363 49.613 1.178
34.371 49.629 1.178
34.379 49.646 1.178
34.388 49.663 1.178
34.390 49.668 1.178
34.393 49.674 1.178
34.396 49.679 1.178
34.399 49.685 1.178
34.401 49.690 1.178
34.404 49.696 1.178
34.407 49.701 1.178
34.410 49.707 1.178
34.413 49.713 1.178
34.415 49.718 1.178
34.418 49.724 1.178
34.421 49.729 1.178
34.424 49.735 1.178
34.426 49.740 1.178
34.429 49.746 1.178
34.432 49.751 1.178
34.435 49.757 1.178
34.438 49.763 1.178
34.445 49.781 1.178
34.453 49.800 1.178
34.461 49.819 1.178
34.469 49.838 1.197
34.475 49.857 1.272
34.481 49.877 1.347
34.485 49.897 1.421
34.487 49.917 1.496
34.488 49.938 1.571
34.488 49.960 1.571
34.488 49.982 1.571
34.488 50.004 1.571
34.488 50.026 1.571
34.488 50.049 1.571
34.488 50.071 1.571
34.488 50.093 1.571
34.488 50.115 1.571
34.488 50.138 1.571
34.488 50.160 1.571
34.488 50.182 1.571
34.488 50.204 1.571
34.488 50.226 1.571
34.488 50.249 1.571
34.488 50.271 1.571
34.488 50.293 1.571
34.488 50.315 1.571
34.488 50.338 1.571
34.488 50.360 1.571
34.488 50.382 1.571
34.488 50.404 1.571
34.488 50.426 1.571
34.488 50.449 1.571
34.488 50.471 1.571
34.488 50.493 1.571
34.488 50.515 1.571
34.488 50.538 1.571
34.488 50.560 1.571
34.488 50.582 1.571
34.488 50.604 1.571
34.488 50.626 1.571
34.488 50.649 1.571
34.488 50.671 1.571
34.488 50.693 1.571
34.488 50.715 1.571
34.488 50.738 1.571
34.488 50.760 1.571
34.488 50.782 1.571
34.488 50.804 1.571
34.488 50.826 1.571
34.488 50.849 1.571
34.488 50.871 1.571
34.488 50.893 1.571
34.488 50.915 1.571
34.488 50.938 1.571
34.488 50.960 1.571
34.488 50.982 1.571
34.488 51.004 1.571
34.488 51.026 1.571
34.488 51.049 1.571
34.488 51.071 1.571
34.488 51.093 1.571
34.488 51.115 1.571
34.488 51.138 1.571
34.488 51.160 1.571
34.488 51.182 1.571
34.488 51.204 1.571
34.488 51.226 1.571
34.488 51.249 1.571
34.488 51.271 1.571
34.488 51.293 1.571
34.488 51.315 1.571
34.488 51.338 1.571
34.488 51.360 1.571
34.488 51.382 1.571
34.488 51.404 1.571
34.488 51.426 1.571
34.488 51.449 1.571
34.488 51.471 1.571
34.488 51.493 1.571
34.488 51.515 1.571
34.488 51.538 1.571
34.488 51.560 1.571
34.488 51.582 1.571
34.488 51.604 1.571
34.488 51.626 1.571
34.488 51.649 1.571
34.488 51.671 1.571
34.488 51.693 1.571
34.488 51.715 1.571
34.488 51.738 1.571
34.488 51.760 1.571
34.488 51.782 1.571
34.488 51.804 1.571
34.488 51.826 1.571
34.488 51.849 1.571
34.488 51.871 1.571
34.488 51.893 1.571
34.488 51.915 1.571
34.488 51.938 1.571
34.488 51.960 1.571
34.488 51.982 1.571
34.488 52.004 1.571
34.488 52.026 1.571
34.488 52.049 1.571
34.488 52.071 1.571
34.488 52.093 1.571
34.488 52.115 1.571
34.488 52.138 1.571
34.488 52.160 1.571
34.488 52.182 1.571
34.488 52.204 1.571
34.488 52.226 1.571
34.488 52.249 1.571
34.488 52.271 1.571
34.488 52.293 1.571
34.488 52.315 1.571
34.488 52.338 1.571
34.488 52.360 1.571
34.488 52.382 1.571
34.488 52.404 1.571
34.488 52.426 1.571
34.488 52.449 1.571
34.488 52.471 1.571
34.488 52.493 1.571
34.488 52.515 1.571
34.488 52.538 1.571
34.488 52.560 1.571
34.488 52.582 1.571
34.488 52.604 1.571
34.488 52.626 1.571
34.488 52.649 1.571
34.488 52.671 1.571
34.488 52.693 1.571
34.488 52.715 1.571
34.488 52.738 1.571
34.488 52.760 1.571
34.488 52.782 1.571
34.488 52.804 1.571
34.488 52.826 1.571
34.488 52.849 1.571
34.488 52.871 1.571
34.488 52.893 1.571
34.488 52.915 1.571
34.488 52.938 1.571
34.488 52.960 1.571
34.488 52.982 1.571
34.488 53.004 1.571
34.488 53.026 1.571
34.488 53.049 1.571
34.488 53.071 1.571
34.488 53.093 1.571
34.488 53.115 1.571
34.488 53.138 1.571
34.488 53.160 1.571
34.488 53.182 1.571
34.488 53.204 1.571
34.488 53.226 1.571
34.488 53.249 1.571
34.488 53.271 1.571
34.488 53.293 1.571
34.488 53.315 1.571
34.488 53.338 1.571
34.488 53.360 1.571
34.488 53.382 1.571
34.488 53.404 1.571
34.488 53.426 1.571
34.488 53.449 1.571
34.488 53.471 1.571
34.488 53.493 1.571
34.488 53.515 1.571
34.488 53.538 1.571
34.488 53.560 1.571
34.488 53.582 1.571
34.488 53.604 1.571
34.488 53.626 1.571
34.488 53.649 1.571
34.488 53.671 1.571
34.488 53.693 1.571
34.488 53.715 1.571
34.488 53.738 1.571
34.488 53.760 1.571
34.488 53.783 1.571
34.488 53.805 1.571
34.488 53.828 1.522
34.490 53.850 1.453
34.493 53.873 1.384
34.498 53.895 1.316
34.505 53.916 1.247
34.513 53.938 1.178
34.521 53.954 1.178
34.529 53.971 1.178
34.538 53.988 1.178
34.546 54.004 1.178
34.554 54.021 1.178
34.562 54.038 1.178
34.571 54.054 1.178
34.579 54.071 1.178
34.588 54.088 1.178
34.596 54.104 1.178
34.604 54.121 1.178
34.613 54.138 1.178
34.621 54.154 1.178
34.629 54.171 1.178
34.638 54.188 1.178
34.646 54.204 1.178
34.654 54.221 1.178
34.663 54.238 1.178
34.671 54.254 1.178
34.679 54.271 1.178
34.688 54.288 1.178
34.696 54.304 1.178
34.704 54.321 1.178
34.712 54.338 1.178
34.721 54.354 1.178
34.729 54.371 1.178
34.738 54.388 1.178
34.740 54.393 1.178
34.743 54.399 1.178
34.746 54.404 1.178
34.749 54.410 1.178
34.751 54.415 1.178
34.754 54.421 1.178
34.757 54.426 1.178
34.760 54.432 1.178
34.763 54.438 1.178
34.770 54.456 1.178
34.778 54.475 1.178
34.786 54.494 1.178
34.794 54.513 1.197
34.800 54.532 1.272
34.806 54.552 1.347
34.809 54.572 1.421
34.812 54.592 1.496
34.813 54.613 1.571
34.813 54.615 1.571
34.813 54.618 1.571
34.813 54.621 1.571
34.813 54.624 1.571
34.813 54.626 1.571
34.813 54.629 1.571
34.813 54.632 1.571
34.813 54.635 1.571
34.813 54.638 1.571
34.813 54.640 1.571
34.813 54.643 1.571
34.813 54.646 1.571
34.813 54.649 1.571
34.813 54.651 1.571
34.813 54.654 1.571
34.813 54.657 1.571
34.813 54.660 1.571
34.813 54.663 1.571
34.813 54.665 1.571
34.813 54.668 1.571
34.813 54.671 1.571
34.813 54.674 1.571
34.813 54.676 1.571
34.813 54.679 1.571
34.813 54.682 1.571
34.813 54.685 1.571
34.813 54.688 1.571
34.813 54.690 1.571
34.813 54.693 1.571
34.813 54.696 1.571
34.813 54.699 1.571
34.813 54.701 1.571
34.813 54.704 1.571
34.813 54.707 1.571
34.813 54.710 1.571
34.813 54.713 1.571
34.813 54.715 1.571
34.813 54.718 1.571
34.813 54.721 1.571
34.813 54.724 1.571
34.813 54.726 1.571
34.813 54.729 1.571
34.813 54.732 1.571
34.813 54.735 1.571
34.813 54.738 1.571
34.813 54.760 1.571
34.813 54.783 1.571
34.813 54.805 1.571
34.813 54.828 1.522
34.815 54.850 1.453
34.818 54.873 1.384
34.823 54.895 1.316
34.830 54.916 1.247
34.838 54.938 1.178
34.847 54.952 1.148
34.856 54.967 1.117
34.867 54.982 1.087
34.877 54.996 1.057
34.888 55.010 1.027
34.900 55.023 0.996
34.912 55.037 0.966
34.925 55.050 0.936
34.938 55.063 0.785
34.955 55.080 0.785
34.972 55.096 0.756
34.990 55.113 0.704
35.008 55.128 0.652
35.028 55.142 0.600
35.048 55.155 0.548
35.069 55.167 0.496
35.091 55.178 0.445
35.113 55.188 0.393
35.118 55.190 0.393
35.124 55.193 0.393
35.129 55.196 0.393
35.135 55.199 0.393
35.140 55.201 0.393
35.146 55.204 0.393
35.151 55.207 0.393
35.157 55.210 0.393
35.163 55.213 0.393
35.181 55.220 0.393
35.200 55.228 0.393
35.219 55.236 0.393
35.238 55.244 0.374
35.257 55.250 0.299
35.277 55.256 0.224
35.297 55.260 0.149
35.317 55.262 0.075
35.338 55.263 0.000
35.360 55.263 0.000
35.382 55.263 0.000
35.404 55.263 0.000
35.426 55.263 0.000
35.449 55.263 0.000
35.471 55.263 0.000
35.493 55.263 0.000
35.515 55.263 0.000
35.538 55.263 0.000
35.560 55.263 0.000
35.582 55.263 0.000
35.604 55.263 0.000
35.626 55.263 0.000
35.649 55.263 0.000
35.671 55.263 0.000
35.693 55.263 0.000
35.715 55.263 0.000
35.738 55.263 0.000
35.760 55.263 0.000
35.782 55.263 0.000
35.804 55.263 0.000
35.826 55.263 0.000
35.849 55.263 0.000
35.871 55.263 0.000
35.893 55.263 0.000
35.915 55.263 0.000
35.938 55.263 0.000
35.960 55.263 0.000
35.982 55.263 0.000
36.004 55.263 0.000
36.026 55.263 0.000
36.049 55.263 0.000
36.071 55.263 0.000
36.093 55.263 0.000
36.115 55.263 0.000
36.138 55.263 0.000
36.160 55.263 0.000
36.182 55.263 0.000
36.204 55.263 0.000
36.226 55.263 0.000
36.249 55.263 0.000
36.271 55.263 0.000
36.293 55.263 0.000
36.315 55.263 0.000
36.338 55.263 0.000
36.360 55.263 0.000
36.382 55.263 0.000
36.404 55.263 0.000
36.426 55.263 0.000
36.449 55.263 0.000
36.471 55.263 0.000
36.493 55.263 0.000
36.515 55.263 0.000
36.538 55.263 0.000
36.560 55.263 0.000
36.582 55.263 0.000
36.604 55.263 0.000
36.626 55.263 0.000
36.649 55.263 0.000
36.671 55.263 0.000
36.693 55.263 0.000
36.715 55.263 0.000
36.738 55.263 0.000
36.760 55.263 0.000
36.782 55.263 0.000
36.804 55.263 0.000
36.826 55.263 0.000
36.849 55.263 0.000
36.871 55.263 0.000
36.893 55.263 0.000
36.915 55.263 0.000
36.938 55.263 0.000
36.960 55.263 0.000
36.982 55.263 0.000
37.004 55.263 0.000
37.026 55.263 0.000
37.049 55.263 0.000
37.071 55.263 0.000
37.093 55.263 0.000
37.115 55.263 0.000
37.138 55.263 0.000
37.160 55.263 0.000
37.182 55.263 0.000
37.204 55.263 0.000
37.226 55.263 0.000
37.249 55.263 0.000
37.271 55.263 0.000
37.293 55.263 0.000
37.315 55.263 0.000
37.338 55.263 0.000
37.360 55.263 0.000
37.382 55.263 0.000
37.404 55.263 0.000
37.426 55.263 0.000
37.449 55.263 0.000
37.471 55.263 0.000
37.493 55.263 0.000
37.515 55.263 0.000
37.538 55.263 0.000
37.560 55.263 0.000
37.582 55.263 0.000
37.604 55.263 0.000
37.626 55.263 0.000
37.649 55.263 0.000
37.671 55.263 0.000
37.693 55.263 0.000
37.715 55.263 0.000
37.738 55.263 0.000
37.760 55.263 0.000
37.782 55.263 0.000
37.804 55.263 0.000
37.826 55.263 0.000
37.849 55.263 0.000
37.871 55.263 0.000
37.893 55.263 0.000
37.915 55.263 0.000
37.938 55.263 0.000
37.960 55.263 0.000
37.982 55.263 0.000
38.004 55.263 0.000
38.026 55.263 0.000
38.049 55.263 0.000
38.071 55.263 0.000
38.093 55.263 0.000
38.115 55.263 0.000
38.138 55.263 0.000
38.160 55.263 0.000
38.182 55.263 0.000
38.204 55.263 0.000
38.226 55.263 0.000
38.249 55.263 0.000
38.271 55.263 0.000
38.293 55.263 0.000
38.315 55.263 0.000
38.338 55.263 0.000
38.360 55.263 0.000
38.382 55.263 0.000
38.404 55.263 0.000
38.426 55.263 0.000
38.449 55.263 0.000
38.471 55.263 0.000
38.493 55.263 0.000
38.515 55.263 0.000
38.538 55.263 0.000
38.560 55.263 0.000
38.582 55.263 0.000
38.604 55.263 0.000
38.626 55.263 0.000
38.649 55.263 0.000
38.671 55.263 0.000
38.693 55.263 0.000
38.715 55.263 0.000
38.738 55.263 0.000
38.760 55.263 0.000
38.782 55.263 0.000
38.804 55.263 0.000
38.826 55.263 0.000
38.849 55.263 0.000
38.871 55.263 0.000
38.893 55.263 0.000
38.915 55.263 0.000
38.938 55.263 0.000
38.960 55.263 0.000
38.982 55.263 0.000
39.004 55.263 0.000
39.026 55.263 0.000
39.049 55.263 0.000
39.071 55.263 0.000
39.093 55.263 0.000
39.115 55.263 0.000
39.138 55.263 0.000
39.160 55.263 0.000
39.182 55.263 0.000
39.204 55.263 0.000
39.226 55.263 0.000
39.249 55.263 0.000
39.271 55.263 0.000
39.293 55.263 0.000
39.315 55.263 0.000
39.338 55.263 0.000
39.360 55.263 0.000
39.382 55.263 0.000
39.404 55.263 0.000
39.426 55.263 0.000
39.449 55.263 0.000
39.471 55.263 0.000
39.493 55.263 0.000
39.515 55.263 0.000
39.538 55.263 0.000
39.560 55.263 0.000
39.582 55.263 0.000
39.604 55.263 0.000
39.626 55.263 0.000
39.649 55.263 0.000
39.671 55.263 0.000
39.693 55.263 0.000
39.715 55.263 0.000
39.738 55.263 0.000
39.760 55.263 0.000
39.782 55.263 0.000
39.804 55.263 0.000
39.826 55.263 0.000
39.849 55.263 0.000
39.871 55.263 0.000
39.893 55.263 0.000
39.915 55.263 0.000
39.938 55.263 0.000
39.960 55.263 0.000
39.982 55.263 0.000
40.004 55.263 0.000
40.026 55.263 0.000
40.049 55.263 0.000
40.071 55.263 0.000
40.093 55.263 0.000
40.115 55.263 0.000
40.138 55.263 0.000
40.160 55.263 0.000
40.182 55.263 0.000
40.204 55.263 0.000
40.226 55.263 0.000
40.249 55.263 0.000
40.271 55.263 0.000
40.293 55.263 0.000
40.315 55.263 0.000
40.338 55.263 0.000
40.360 55.263 0.000
40.382 55.263 0.000
40.404 55.263 0.000
40.426 55.263 0.000
40.449 55.263 0.000
40.471 55.263 0.000
40.493 55.263 0.000
40.515 55.263 0.000
40.538 55.263 0.000
40.560 55.263 0.000
40.582 55.263 0.000
40.604 55.263 0.000
40.626 55.263 0.000
40.649 55.263 0.000
40.671 55.263 0.000
40.693 55.263 0.000
40.715 55.263 0.000
40.738 55.263 0.000
40.760 55.263 0.000
40.782 55.263 0.000
40.804 55.263 0.000
40.826 55.263 0.000
40.849 55.263 0.000
40.871 55.263 0.000
40.893 55.263 0.000
40.915 55.263 0.000
40.938 55.263 0.000
40.960 55.263 0.000
40.982 55.263 0.000
41.004 55.263 0.000
41.026 55.263 0.000
41.049 55.263 0.000
41.071 55.263 0.000
41.093 55.263 0.000
41.115 55.263 0.000
41.138 55.263 0.000
41.160 55.263 0.000
41.182 55.263 0.000
41.204 55.263 0.000
41.226 55.263 0.000
41.249 55.263 0.000
41.271 55.263 0.000
41.293 55.263 0.000
41.315 55.263 0.000
41.338 55.263 0.000
41.360 55.263 0.000
41.382 55.263 0.000
41.404 55.263 0.000
41.426 55.263 0.000
41.449 55.263 0.000
41.471 55.263 0.000
41.493 55.263 0.000
41.515 55.263 0.000
41.538 55.263 0.000
41.560 55.263 0.000
41.582 55.263 0.000
41.604 55.263 0.000
41.626 55.263 0.000
41.649 55.263 0.000
41.671 55.263 0.000
41.693 55.263 0.000
41.715 55.263 0.000
41.738 55.263 0.000
41.760 55.263 0.000
41.782 55.263 0.000
41.804 55.263 0.000
41.826 55.263 0.000
41.849 55.263 0.000
41.871 55.263 0.000
41.893 55.263 0.000
41.915 55.263 0.000
41.938 55.263 0.000
41.960 55.263 0.000
41.982 55.263 0.000
42.004 55.263 0.000
42.026 55.263 0.000
42.049 55.263 0.000
42.071 55.263 0.000
42.093 55.263 0.000
42.115 55.263 0.000
42.138 55.263 0.000
42.160 55.263 0.000
42.182 55.263 0.000
42.204 55.263 0.000
42.226 55.263 0.000
42.249 55.263 0.000
42.271 55.263 0.000
42.293 55.263 0.000
42.315 55.263 0.000
42.338 55.263 0.000
42.360 55.263 0.000
42.382 55.263 0.000
42.404 55.263 0.000
42.426 55.263 0.000
42.449 55.263 0.000
42.471 55.263 0.000
42.493 55.263 0.000
42.515 55.263 0.000
42.538 55.263 0.000
42.560 55.263 0.000
42.582 55.263 0.000
42.604 55.263 0.000
42.626 55.263 0.000
42.649 55.263 0.000
42.671 55.263 0.000
42.693 55.263 0.000
42.715 55.263 0.000
42.738 55.263 0.000
42.760 55.263 0.000
42.782 55.263 0.000
42.804 55.263 0.000
42.826 55.263 0.000
42.849 55.263 0.000
42.871 55.263 0.000
42.893 55.263 0.000
42.915 55.263 0.000
42.938 55.263 0.000
42.960 55.263 0.000
42.982 55.263 0.000
43.004 55.263 0.000
43.026 55.263 0.000
43.049 55.263 0.000
43.071 55.263 0.000
43.093 55.263 0.000
43.115 55.263 0.000
43.138 55.263 0.000
43.160 55.263 0.000
43.182 55.263 0.000
43.204 55.263 0.000
43.226 55.263 0.000
43.249 55.263 0.000
43.271 55.263 0.000
43.293 55.263 0.000
43.315 55.263 0.000
43.338 55.263 0.000
43.360 55.263 0.000
43.382 55.263 0.000
43.404 55.263 0.000
43.426 55.263 0.000
43.449 55.263 0.000
43.471 55.263 0.000
43.493 55.263 0.000
43.515 55.263 0.000
43.538 55.263 0.000
43.560 55.263 0.000
43.582 55.263 0.000
43.604 55.263 0.000
43.626 55.263 0.000
43.649 55.263 0.000
43.671 55.263 0.000
43.693 55.263 0.000
43.715 55.263 0.000
43.738 55.263 0.000
43.760 55.263 0.000
43.782 55.263 0.000
43.804 55.263 0.000
43.826 55.263 0.000
43.849 55.263 0.000
43.871 55.263 0.000
43.893 55.263 0.000
43.915 55.263 0.000
43.938 55.263 0.000
43.960 55.263 0.000
43.982 55.263 0.000
44.004 55.263 0.000
44.026 55.263 0.000
44.049 55.263 0.000
44.071 55.263 0.000
44.093 55.263 0.000
44.115 55.263 0.000
44.138 55.263 0.000
44.140 55.263 0.000
44.143 55.263 0.000
44.146 55.263 0.000
44.149 55.263 0.000
44.151 55.263 0.000
44.154 55.263 0.000
44.157 55.263 0.000
44.160 55.263 0.000
44.163 55.263 0.000
44.165 55.263 0.000
44.168 55.263 0.000
44.171 55.263 0.000
44.174 55.263 0.000
44.176 55.263 0.000
44.179 55.263 0.000
44.182 55.263 0.000
44.185 55.263 0.000
44.188 55.263 0.000
44.190 55.263 0.000
44.193 55.263 0.000
44.196 55.263 0.000
44.199 55.263 0.000
44.201 55.263 0.000
44.204 55.263 0.000
44.207 55.263 0.000
44.210 55.263 0.000
44.213 55.263 0.000
44.215 55.263 0.000
44.218 55.263 0.000
44.221 55.263 0.000
44.224 55.263 0.000
44.226 55.263 0.000
44.229 55.263 0.000
44.232 55.263 0.000
44.235 55.263 0.000
44.238 55.263 0.000
44.260 55.263 0.000
44.283 55.263 0.000
44.305 55.263 0.000
44.328 55.262 6.234
44.350 55.260 6.166
44.373 55.257 6.097
44.395 55.252 6.028
44.416 55.245 5.959
44.438 55.238 5.891
44.454 55.229 5.891
44.471 55.221 5.891
44.488 55.213 5.891
44.504 55.204 5.891
44.521 55.196 5.891
44.538 55.188 5.891
44.554 55.179 5.891
44.571 55.171 5.891
44.588 55.163 5.891
44.604 55.154 5.891
44.621 55.146 5.891
44.638 55.138 5.891
44.654 55.129 5.891
44.671 55.121 5.891
44.688 55.113 5.891
44.704 55.104 5.891
44.721 55.096 5.891
44.738 55.088 5.891
44.754 55.079 5.891
44.771 55.071 5.891
44.788 55.063 5.891
44.804 55.054 5.891
44.821 55.046 5.891
44.838 55.038 5.891
44.854 55.029 5.891
44.871 55.021 5.891
44.888 55.013 5.891
44.904 55.004 5.891
44.921 54.996 5.891
44.938 54.988 5.891
44.954 54.979 5.891
44.971 54.971 5.891
44.988 54.963 5.891
45.004 54.954 5.891
45.021 54.946 5.891
45.038 54.938 5.891
45.054 54.929 5.891
45.071 54.921 5.891
45.088 54.913 5.891
45.104 54.904 5.891
45.121 54.896 5.891
45.138 54.888 5.891
45.154 54.879 5.891
45.171 54.871 5.891
45.188 54.863 5.891
45.204 54.854 5.891
45.221 54.846 5.891
45.238 54.838 5.891
45.254 54.829 5.891
45.271 54.821 5.891
45.288 54.813 5.891
45.304 54.804 5.891
45.321 54.796 5.891
45.338 54.788 5.891
45.343 54.785 5.891
45.349 54.782 5.891
45.354 54.779 5.891
45.360 54.776 5.891
45.365 54.774 5.891
45.371 54.771 5.891
45.376 54.768 5.891
45.382 54.765 5.891
45.388 54.763 5.891
45.393 54.760 5.891
45.399 54.757 5.891
45.404 54.754 5.891
45.410 54.751 5.891
45.415 54.749 5.891
45.421 54.746 5.891
45.426 54.743 5.891
45.432 54.740 5.891
45.438 54.738 5.891
45.452 54.728 5.860
45.467 54.719 5.830
45.482 54.708 5.800
45.496 54.698 5.769
45.510 54.687 5.739
45.523 54.675 5.709
45.537 54.663 5.678
45.550 54.650 5.648
45.563 54.638 5.498
45.579 54.621 5.498
45.596 54.604 5.498
45.613 54.588 5.498
45.629 54.571 5.498
45.646 54.554 5.498
45.663 54.538 5.498
45.679 54.521 5.498
45.696 54.504 5.498
45.713 54.488 5.498
45.729 54.471 5.498
45.746 54.454 5.498
45.763 54.438 5.498
45.779 54.421 5.498
45.796 54.404 5.498
45.813 54.388 5.498
45.829 54.371 5.498
45.846 54.354 5.498
45.863 54.338 5.498
45.879 54.321 5.498
45.896 54.304 5.498
45.913 54.288 5.498
45.929 54.271 5.498
45.946 54.254 5.498
45.963 54.238 5.498
45.979 54.221 5.498
45.996 54.204 5.498
46.013 54.188 5.498
46.029 54.171 5.498
46.046 54.154 5.498
46.062 54.138 5.498
46.079 54.121 5.498
46.096 54.104 5.498
46.113 54.088 5.498
46.129 54.071 5.498
46.146 54.054 5.498
46.163 54.038 5.498
46.179 54.021 5.498
46.196 54.004 5.498
46.213 53.988 5.498
46.229 53.971 5.498
46.246 53.954 5.498
46.263 53.938 5.498
46.279 53.921 5.498
46.296 53.904 5.498
46.313 53.888 5.498
46.329 53.871 5.498
46.346 53.854 5.498
46.363 53.838 5.498
46.379 53.821 5.498
46.396 53.804 5.498
46.413 53.788 5.498
46.429 53.771 5.498
46.446 53.754 5.498
46.463 53.738 5.498
46.479 53.721 5.498
46.496 53.704 5.498
46.513 53.688 5.498
46.529 53.671 5.498
46.546 53.654 5.498
46.563 53.638 5.498
46.579 53.621 5.498
46.596 53.604 5.498
46.613 53.588 5.498
46.629 53.571 5.498
46.646 53.554 5.498
46.663 53.538 5.498
46.679 53.521 5.498
46.696 53.504 5.498
46.713 53.488 5.498
46.729 53.471 5.498
46.746 53.454 5.498
46.763 53.438 5.498
46.779 53.421 5.498
46.796 53.404 5.498
46.812 53.388 5.498
46.829 53.371 5.498
46.846 53.354 5.498
46.863 53.338 5.498
46.879 53.321 5.498
46.896 53.304 5.498
46.913 53.288 5.498
46.929 53.271 5.498
46.946 53.254 5.498
46.963 53.238 5.498
46.979 53.221 5.498
46.996 53.204 5.498
47.013 53.188 5.498
47.029 53.171 5.498
47.046 53.154 5.498
47.063 53.138 5.498
47.080 53.120 5.498
47.097 53.104 5.527
47.115 53.088 5.579
47.133 53.072 5.631
47.153 53.058 5.683
47.173 53.045 5.735
47.194 53.033 5.787
47.216 53.022 5.839
47.238 53.013 5.891
47.256 53.005 5.891
47.275 52.997 5.891
47.294 52.989 5.891
47.313 52.981 5.910
47.332 52.975 5.984
47.352 52.969 6.059
47.372 52.966 6.134
47.392 52.963 6.208
47.413 52.963 0.000
47.415 52.963 0.000
47.418 52.963 0.000
47.421 52.963 0.000
47.424 52.963 0.000
47.426 52.963 0.000
47.429 52.963 0.000
47.432 52.963 0.000
47.435 52.963 0.000
47.438 52.963 0.000
47.440 52.963 0.000
47.443 52.963 0.000
47.446 52.963 0.000
47.449 52.963 0.000
47.451 52.963 0.000
47.454 52.963 0.000
47.457 52.963 0.000
47.460 52.963 0.000
47.463 52.963 0.000
47.465 52.963 0.000
47.468 52.963 0.000
47.471 52.963 0.000
47.474 52.963 0.000
47.476 52.963 0.000
47.479 52.963 0.000
47.482 52.963 0.000
47.485 52.963 0.000
