0.113 0.113 0.000
0.115 0.113 0.000
0.118 0.113 0.000
0.121 0.113 0.000
0.124 0.113 0.000
0.126 0.113 0.000
0.129 0.113 0.000
0.132 0.113 0.000
0.135 0.113 0.000
0.138 0.113 0.000
0.138 0.113 0.044
0.138 0.113 0.087
0.138 0.113 0.131
0.138 0.113 0.174
0.138 0.113 0.218
0.138 0.113 0.262
0.138 0.113 0.305
0.138 0.113 0.349
0.138 0.113 0.393
0.143 0.115 0.393
0.149 0.118 0.393
0.154 0.121 0.393
0.160 0.124 0.393
0.165 0.126 0.393
0.171 0.129 0.393
0.176 0.132 0.393
0.182 0.135 0.393
0.188 0.138 0.393
0.188 0.138 0.436
0.188 0.138 0.480
0.188 0.138 0.524
0.188 0.138 0.567
0.188 0.138 0.611
0.188 0.138 0.654
0.188 0.138 0.698
0.188 0.138 0.742
0.188 0.138 0.785
0.190 0.140 0.785
0.193 0.143 0.785
0.196 0.146 0.785
0.199 0.149 0.785
0.201 0.151 0.785
0.204 0.154 0.785
0.207 0.157 0.785
0.210 0.160 0.785
0.213 0.163 0.785
0.213 0.163 0.829
0.213 0.163 0.873
0.213 0.163 0.916
0.213 0.163 0.960
0.213 0.163 1.004
0.213 0.163 1.047
0.213 0.163 1.091
0.213 0.163 1.135
0.213 0.163 1.178
0.215 0.168 1.178
0.218 0.174 1.178
0.221 0.179 1.178
0.224 0.185 1.178
0.226 0.190 1.178
0.229 0.196 1.178
0.232 0.201 1.178
0.235 0.207 1.178
0.238 0.213 1.178
0.240 0.218 1.178
0.243 0.224 1.178
0.246 0.229 1.178
0.249 0.235 1.178
0.251 0.240 1.178
0.254 0.246 1.178
0.257 0.251 1.178
0.260 0.257 1.178
0.263 0.263 1.178
0.263 0.263 1.135
0.263 0.263 1.091
0.263 0.263 1.047
0.263 0.263 1.004
0.263 0.263 0.960
0.263 0.263 0.916
0.263 0.263 0.873
0.263 0.263 0.829
0.263 0.263 0.785
0.265 0.265 0.785
0.268 0.268 0.785
0.271 0.271 0.785
0.274 0.274 0.785
0.276 0.276 0.785
0.279 0.279 0.785
0.282 0.282 0.785
0.285 0.285 0.785
0.288 0.288 0.785
0.288 0.288 0.742
0.288 0.288 0.698
0.288 0.288 0.654
0.288 0.288 0.611
0.288 0.288 0.567
0.288 0.288 0.524
0.288 0.288 0.480
0.288 0.288 0.436
0.288 0.288 0.393
0.288 0.288 0.349
0.288 0.288 0.305
0.288 0.288 0.262
0.288 0.288 0.218
0.288 0.288 0.174
0.288 0.288 0.131
0.288 0.288 0.087
0.288 0.288 0.044
0.288 0.288 0.000
0.290 0.288 0.000
0.293 0.288 0.000
0.296 0.288 0.000
0.299 0.288 0.000
0.301 0.288 0.000
0.304 0.288 0.000
0.307 0.288 0.000
0.310 0.288 0.000
0.313 0.288 0.000
0.315 0.288 0.000
0.318 0.288 0.000
0.321 0.288 0.000
0.324 0.288 0.000
0.326 0.288 0.000
0.329 0.288 0.000
0.332 0.288 0.000
0.335 0.288 0.000
