0.113 0.113 0.000
0.113 0.110 0.000
0.113 0.107 0.000
0.113 0.104 0.000
0.113 0.101 0.000
0.113 0.099 0.000
0.113 0.096 0.000
0.113 0.093 0.000
0.113 0.090 0.000
0.113 0.088 0.000
0.113 0.085 0.000
0.113 0.082 0.000
0.113 0.079 0.000
0.113 0.076 0.000
0.113 0.074 0.000
0.113 0.071 0.000
0.113 0.068 0.000
0.113 0.065 0.000
0.113 0.062 0.000
0.115 0.062 0.000
0.118 0.062 0.000
0.121 0.062 0.000
0.124 0.062 0.000
0.126 0.062 0.000
0.129 0.062 0.000
0.132 0.062 0.000
0.135 0.062 0.000
0.138 0.062 0.000
0.138 0.060 0.000
0.138 0.057 0.000
0.138 0.054 0.000
0.138 0.051 0.000
0.138 0.049 0.000
0.138 0.046 0.000
0.138 0.043 0.000
0.138 0.040 0.000
0.138 0.038 0.000
0.160 0.038 0.000
0.182 0.038 0.000
0.204 0.038 0.000
0.226 0.038 0.000
0.249 0.038 0.000
0.271 0.038 0.000
0.293 0.038 0.000
0.315 0.038 0.000
0.338 0.038 0.000
0.338 0.040 0.000
0.338 0.043 0.000
0.338 0.046 0.000
0.338 0.049 0.000
0.338 0.051 0.000
0.338 0.054 0.000
0.338 0.057 0.000
0.338 0.060 0.000
0.338 0.062 0.000
0.338 0.065 0.000
0.338 0.068 0.000
0.338 0.071 0.000
0.338 0.074 0.000
0.338 0.076 0.000
0.338 0.079 0.000
0.338 0.082 0.000
0.338 0.085 0.000
0.338 0.088 0.000
0.338 0.090 0.000
0.338 0.093 0.000
0.338 0.096 0.000
0.338 0.099 0.000
0.338 0.101 0.000
0.338 0.104 0.000
0.338 0.107 0.000
0.338 0.110 0.000
0.338 0.113 0.000
0.338 0.115 0.000
0.338 0.118 0.000
0.338 0.121 0.000
0.338 0.124 0.000
0.338 0.126 0.000
0.338 0.129 0.000
0.338 0.132 0.000
0.338 0.135 0.000
0.338 0.138 0.000
0.338 0.140 0.000
0.338 0.143 0.000
0.338 0.146 0.000
0.338 0.149 0.000
0.338 0.151 0.000
0.338 0.154 0.000
0.338 0.157 0.000
0.338 0.160 0.000
0.338 0.163 0.000
0.338 0.165 0.000
0.338 0.168 0.000
0.338 0.171 0.000
0.338 0.174 0.000
0.338 0.176 0.000
0.338 0.179 0.000
0.338 0.182 0.000
0.338 0.185 0.000
0.338 0.188 0.000
0.338 0.190 0.000
0.338 0.193 0.000
0.338 0.196 0.000
0.338 0.199 0.000
0.338 0.201 0.000
0.338 0.204 0.000
0.338 0.207 0.000
0.338 0.210 0.000
0.338 0.213 0.000
0.338 0.215 0.000
0.338 0.218 0.000
0.338 0.221 0.000
0.338 0.224 0.000
0.338 0.226 0.000
0.338 0.229 0.000
0.338 0.232 0.000
0.338 0.235 0.000
0.338 0.238 0.000
0.338 0.240 0.000
0.338 0.243 0.000
0.338 0.246 0.000
0.338 0.249 0.000
0.338 0.251 0.000
0.338 0.254 0.000
0.338 0.257 0.000
0.338 0.260 0.000
0.338 0.263 0.000
0.338 0.265 0.000
0.338 0.268 0.000
0.338 0.271 0.000
0.338 0.274 0.000
0.338 0.276 0.000
0.338 0.279 0.000
0.338 0.282 0.000
0.338 0.285 0.000
